B1	B2	CD4_1	CD4_2	CD4_3	CD4_4	CD45_1	CD45_2	CD8_1	CD8_2	CD8_3	CD8_4	CD8_5	CD8_6	DC1	DC2	DC3	DC4	E1	E2	E3	M1	M10	M11	M12	M13	M2	M3	M4	M5	M6	M7	M8	M9	Mo1	Mo2	Mo3	Mo4	Mo5	Mo6	Mo7	Mo8	N1	N2	N3	N4	N5	N6	N7	NK1	NK2	NKT	S	T1	T10	T11	T12	T2	T3	T4	T5	T6	T7	T8	T9	Treg1	Treg2
B1	1.39649178651125	-2.83952521231016	0.878624503798148	1.28896216290903	1.27920074653874	-2.38096641833104	0.506942600282802	0.398411219181111	0.807174543960512	0.527762447753223	-4.17527709198914	-1.90408750939367	-3.21549554320033	0.558746144770651	-0.00620284350191608	-3.37539457635647	-3.61553823152818	1.25899862001391	0.170814859757994	0.645257936397151	-2.59177316317988	-0.537744821885605	0.718334338280543	-0.762171633271533	-2.69966214889442	1.3272644930341	-0.389531714632059	0.778577126726484	0.803491288680332	-3.61448285455467	-0.710200214663387	0.348365245620886	0.659319733695455	-3.97376490208847	0.171916210019456	0.553924708411892	0.0681196446253228	0.803468884162631	0.531522566757987	0.12030975097552	1.25117375483919	0.86905415244583	-0.119050749488596	-0.447594463760563	-3.93715106325527	-3.45548902261501	0.194417021080967	-0.172419042784699	-0.54769479067748	0.49849553815959	0.779283857840779	0.732196297229736	0.995049546357098	-3.58610224029134	-0.373063012700356	-0.68312690617963	-0.250581383826899	-2.77883369688986	-4.05486643105452	-5.13128951739776	-0.40475113582336	-0.638419031334863	0.288175649169272	0.44893938312168	-3.80135563532581	-3.03004492397087	0.108952965029608
B2	-2.83952521231016	-1.47348113406875	0.952420753328451	-1.82212948981068	-1.65580688506508	-1.01492234008963	0.617727845414068	-2.53659641242271	-2.60493986636277	-3.25232461177597	-2.80923301374773	-0.538043431152261	-1.84945146495892	-3.11660641025987	-2.64020219253737	-2.00935049811506	-2.24949415328677	-1.67600901158991	0.0597796629107406	0.343870308946786	-1.22572908493847	-0.942531409151112	-3.14607305952223	-3.87326328599125	-1.33361807065302	-2.00567011886329	-4.27876255423438	-3.21710851928248	-1.83050806035512	-2.24843877631326	-3.34419956369884	0.555694538278926	0.849292819416566	-2.60772082384706	0.176237644860819	0.937705334637283	-3.26481496727207	1.1695520467578	-2.57956908596173	1.48635382921693	-1.68383387676463	-1.76494519658963	-0.200122826361497	-3.08159381279602	-2.57110698501386	-2.0894449443736	0.861525836460437	-0.386144465878546	-4.54338043668644	0.15701201602295	-1.85471549119468	0.952152664977404	-2.11604210636262	-2.22005816204993	-0.00697985010519087	-4.54753430398241	-0.368826643684882	-1.41278961864846	-2.68882235281312	-3.76524543915635	-4.11789192273518	-4.22662228800022	0.688087678130696	0.690051420068071	-2.4353115570844	-1.66400084572947	-3.22398164686778
CD4_1	0.878624503798148	0.952420753328451	0.807734598129027	0.749897951624544	1.07112065511642	-3.28799914283123	0.496925012761114	0.231723418107624	0.803225473050444	0.564504050006629	-0.179214400850293	-2.81112023389386	0.178523442144704	0.455415447433027	0.0409683396277886	0.416551389282137	0.431676378878386	0.829072674233182	0.239977925859881	0.524854139080944	0.50123753959679	-0.297861897384843	0.149053035570446	-0.456143122389971	0.69435683645061	0.0223047882403382	-0.207446886777571	0.302207067948585	-0.103541435819861	-0.220463869209637	-0.839117877875752	0.290463352457761	0.591134862090704	-0.880754199311796	0.296291735697584	0.540837802188381	0.288183680887393	0.238856471622881	0.594513693687842	0.359364736969066	0.344141030339	0.263029710514001	-0.105886948961499	-0.275485750384391	-4.84418378775546	-4.3625217471152	0.366557580649152	-0.193852843836195	-0.364670650442828	0.598221629590346	-0.127748866659414	0.656756497399635	0.565128425802542	-0.192083254946305	-0.330709585507687	-0.433221102395771	-0.372985422768728	-3.68586642139006	-0.961855728277855	-0.640380496051459	-0.620115977742918	-0.613207801550893	0.193151449502403	0.225403545945045	0.136715884350827	0.540058082490058	0.679033098975856
CD4_2	1.28896216290903	-1.82212948981068	0.749897951624544	-2.17077784555262	-2.00445524080701	-1.36357069583156	0.746191093617772	-2.88524476816464	-2.9535882221047	0.399070459758958	-3.15788136948966	-0.886691786894195	-2.19809982070086	1.01188096495931	-2.98885054827931	-2.357998853857	-2.59814250902871	-2.02465736733184	-0.288868692831193	0.296241091913921	-1.57437744068041	-0.814072986173582	-3.49472141526417	-4.22191164173318	-1.68226642639495	-2.35431847460522	0.0715677801624882	0.434286552252454	-2.17915641609706	-2.5970871320552	-3.69284791944078	0.692598885308501	0.898571443968205	-2.95636917958899	0.003678738633075	0.367214019717673	-3.613463323014	-3.179139736261	-2.92821744170366	1.13770547347499	-2.03248223250656	-2.11359355233156	-0.0716788784191698	-3.43024216853795	-2.9197553407558	-2.43809330011553	-3.48716594655836	-0.73479282162048	-0.89198536515151	0.10937194284938	-2.20336384693661	-3.39653911804139	-2.46469046210455	-2.56870651779186	-0.355628205847125	-0.896139232447477	-0.541387359416421	-1.76143797439039	-3.03747070855505	-4.11389379489828	-0.466496851200252	-4.57527064374215	0.640463889473505	0.709375713532048	-2.78395991282633	-2.0126492014714	0.427413424667145
CD4_3	1.27920074653874	-1.65580688506508	1.07112065511642	-2.00445524080701	-1.83813263606141	-1.19724809108596	0.25931807330184	-2.71892216341904	-2.7872656173591	-3.4346503627723	-2.99155876474406	-0.720369182148593	-2.03177721595525	-3.29893216125621	-2.8225279435337	-2.19167624911139	-2.43181990428311	2.14170866469062	-4.12258951536245	0.860497191028333	-1.4080548359348	-0.948773139031547	-3.32839881051856	-4.05558903698758	-1.51594382164935	1.81204755741724	-4.46108830523071	-3.39943427027881	-2.01283381135146	-2.4307645273096	-3.52652531469517	0.184313944510344	0.843051089536131	-2.79004657484339	0.294939175213404	1.05640523642526	-3.4471407182684	-3.0128171315154	-2.76189483695806	-2.69601534905627	-1.86615962776096	-1.94727094758596	-4.38249200463469	-3.26391956379235	-2.75343273601019	-2.27177069536993	-3.32084334181276	-0.00420931456406806	-0.424654477837544	0.752801326314447	-2.03704124219101	1.24691921766533	1.70167556991791	-2.40238391304626	-4.18934902837838	-0.428808345133511	-0.45424455309671	-1.59511536964479	-2.87114810380945	-3.94757119015268	-4.30021767373151	-4.40894803899655	0.380826809541192	0.206702911468172	-2.61763730808073	-1.8463265967258	-3.40630739786412
CD4_4	-2.38096641833104	-1.01492234008963	-3.28799914283123	-1.36357069583156	-1.19724809108596	-0.556363546110512	-3.40084909156794	-2.07803761844359	-2.14638107238365	-2.79376581779685	-2.35067421976861	-0.079484637173143	-1.3908926709798	-2.65804761628076	-2.18164339855825	-1.55079170413594	-1.79093535930766	-1.21745021761079	0.518338456889859	-3.49862260691932	-0.767170290959355	0.0600799191596054	-2.68751426554311	-3.41470449201213	-0.875059276673898	-1.54711132488417	-3.82020376025526	-2.75854972530336	-1.37194926637601	-1.78987998233415	-2.88564076971972	-0.216154716509276	-2.99320009644954	-2.14916202986794	0.576805267377725	0.697328865754464	-2.80625617329295	-2.37193258653995	-2.12101029198261	-2.05513080408082	-1.22527508278551	-1.30638640261051	-3.74160745965924	-2.6230350188169	-2.11254819103474	-1.63088615039448	-2.67995879683731	-4.40472140286055	-4.08482164270732	-3.38447261727479	-1.39615669721556	-2.58933196832034	-1.6574833123835	-1.76149936807081	-3.54846448340294	-0.0889320827264249	-0.0352029672989362	-0.954230824669338	-2.230263558834	-3.30668664517723	-3.65933312875606	-3.7680634940211	0.544619050832381	-3.6295482745175	-1.97675276310528	-1.20544205175035	1.53562885695656
CD45_1	0.506942600282802	0.617727845414068	0.496925012761114	0.746191093617772	0.25931807330184	-3.40084909156794	0.496604519380367	-0.144364675336324	0.600199102759589	0.330232052282721	-0.417001276661347	-2.92397018263057	0.241757514523895	0.470595153876678	0.229145973828048	0.303701440545431	-0.0333500562107853	0.415199967892908	0.232518174659572	0.372895274776214	-3.61165583641678	-0.207905927154266	0.238852936733323	-0.389957730854541	0.28049860514554	0.649799762930338	0.100979323539374	0.189357119211878	0.482543878305369	0.479581165229202	-0.474851397333423	0.226445953896532	0.452349192170613	-0.0905521596863269	0.25363845364878	0.372628018002668	0.246885922279569	0.181523613849118	0.28977908040369	0.21433034348253	0.532310220311362	0.548106742070867	-0.0370896204088381	0.00960213809119794	-0.479898005531046	-0.475328268575042	0.260886204673619	-0.0448155892722253	-0.16513098102494	0.471745640925637	0.537516245891707	0.429505941266231	0.10010199071337	-0.00391406497394224	-0.132878402252009	-0.285100946885526	-0.283105856722039	-3.79871637012676	-5.07474910429142	-0.632656934714878	-0.549575682225006	-0.460260389254389	0.203880897297725	0.195283153587854	-0.122259618423906	0.552143251346523	0.314371404732724
CD45_2	0.398411219181111	-2.53659641242271	0.231723418107624	-2.88524476816464	-2.71892216341904	-2.07803761844359	-0.144364675336324	1.17844679778802	0.632996565128495	0.529664354046895	0.604787438859432	-1.60115870950622	-2.91256674331288	0.42234915994046	0.597734238953895	-3.07246577646902	0.687433995636129	-2.73912428994387	-0.158274798543256	-0.0202923363292954	-2.28884436329243	0.187456335865071	-0.20914491059933	0.726380211453778	1.60331007826989	-3.06878539721725	-0.0631219458810922	-0.280180370359572	-2.89362333870908	-3.31155405466722	-0.40727141477594	-0.232720880631175	0.330230075394205	-3.67083610220102	0.123841332878632	-0.0462301452907857	-4.32793024562603	0.106436768403837	-3.64268436431569	-3.57680487641389	-2.74694915511859	-2.82806047494359	-5.26328153199232	-0.144665663873116	-3.63422226336782	-3.15256022272756	-4.20163286917039	-1.14823698662894	-0.828337226475708	-0.00305127396883377	1.08221265772823	0.491064807900877	-3.17915738471658	0.716869986872972	-0.769086845890787	-0.212707836489875	-0.0944930187857461	-2.47590489700242	-3.75193763116708	0.12588661739645	0.350472993287947	-0.0592860903099929	-0.0228511138707993	-0.151218003927475	-3.49842683543836	1.27292730319344	0.558007318955082
CD8_1	0.807174543960512	-2.60493986636277	0.803225473050444	-2.9535882221047	-2.7872656173591	-2.14638107238365	0.600199102759589	0.632996565128495	1.34278626649643	0.315195346068806	-3.94069174604175	-1.66950216344628	-2.98091019725294	0.450913547584901	-3.77166092483139	-3.14080923040908	0.619090541696066	-2.80746774388393	0.2070333900471	0.38848256917306	-2.3571878172325	-0.349735576314009	-0.277488364539393	-0.226563529720581	-2.46507680294704	-3.13712885115731	-0.264090148757798	0.496536992600328	-2.96196679264915	-3.37989750860729	-0.475614868716003	0.294155219736307	0.495967242430544	0.260863871135781	0.404134823977512	0.651337197394341	-0.0952219897208654	0.339101597032138	-3.71102781825575	0.354895096922905	-2.81529260905865	-2.89640392888365	-0.553466497367691	-4.21305254509004	-3.70256571730789	-3.22090367666762	-4.26997632311045	-0.322640147168145	-0.373807001849499	0.347731219250022	-2.9861742234887	0.820654848329623	-3.24750083865664	-3.35151689434395	-0.360323521111385	-0.264018017945431	-0.403385351609086	-2.54424835094248	-3.82028108510714	-0.89666074417351	-0.404246410852378	-0.880945289333116	0.334771148550555	0.311914393586446	0.433273137898441	-2.79545957802349	0.790690758608795
CD8_2	0.527762447753223	-3.25232461177597	0.564504050006629	0.399070459758958	-3.4346503627723	-2.79376581779685	0.330232052282721	0.529664354046895	0.315195346068806	0.612285574034786	0.0139943570993418	-2.31688690885948	0.672756767179082	0.426771474830859	0.0580900607165295	0.512857734022942	-0.0282942037171337	0.545190937979732	0.384696820846637	0.32843348501289	-3.00457256264569	-0.0672200110136747	0.0293307976773051	0.0554642639564379	-3.11246154836024	0.215529830706352	-0.212507371507097	0.305080170141265	0.390691889214517	-4.02728225402049	-0.00909634838529309	0.198646022255662	0.509761110983974	0.0905714294068421	0.254721310336112	0.394382123028119	0.160464252008663	0.168823630338402	0.243658284885344	0.552571168409669	0.537366072805014	0.456254752980015	-0.271438703690672	-0.08227880193855	-4.34995046272109	0.432763287764406	-0.0722568243468217	-0.36796559427557	-0.317902110616695	0.37812554533313	0.366484458374963	0.377388456981274	0.582250146891283	0.302150070088073	-0.280715419601234	-0.261919418071076	-0.232544939992044	-3.19163309635568	-4.46766583052034	-0.146147171017081	-0.0838213756547047	-0.289461586891746	0.139682903243301	0.193747671796982	0.484823655347178	0.557199103840175	0.428540248079084
CD8_3	-4.17527709198914	-2.80923301374773	-0.179214400850293	-3.15788136948966	-2.99155876474406	-2.35067421976861	-0.417001276661347	0.604787438859432	-3.94069174604175	0.0139943570993418	1.38649530095037	-1.87379531083124	-3.1852033446379	0.149712558615438	0.0240893550605084	-3.34510237779404	-3.58524603296576	-3.01176089126889	0.00274024266214029	-0.0141773938701777	-2.56148096461746	0.13833558752511	-0.481781511924353	0.171197885597946	-2.669369950332	-3.34142199854227	-0.384062957869177	-0.552816971684595	-3.16625994003411	-3.58419065599225	-0.202815712416702	-0.165410157009737	-0.185439921553348	-3.94347270352604	0.116367584448112	0.0491059025901022	0.0984118431877472	-0.166199832921186	0.385730744204515	-3.84944147773892	-3.01958575644361	-3.10069707626861	-0.155705082049165	-0.417302265198138	-3.90685886469285	-3.42519682405258	0.127801378058887	-0.379487482955339	-0.0402825962163295	-0.137386657660962	1.58769111769103	0.218428206575854	-3.4517939860416	-3.55581004172891	-0.16668100271846	0.116714250632877	-0.176315281723657	-2.74854149832744	-0.0245308052152373	0.241427336048214	0.0234788999513592	0.0608761567519514	-0.103603912331981	-0.12282678104464	1.4593880392808	-2.99975272540845	-0.559690099269904
CD8_4	-1.90408750939367	-0.538043431152261	-2.81112023389386	-0.886691786894195	-0.720369182148593	-0.079484637173143	-2.92397018263057	-1.60115870950622	-1.66950216344628	-2.31688690885948	-1.87379531083124	0.397394271764226	-0.914013762042435	-2.18116870734339	-1.70476448962088	-1.07391279519857	-1.31405645037029	-0.740571308673422	-3.00482606144963	-3.02174369798195	-0.290291382021985	-4.30814541607985	-2.21063535660575	-2.93782558307476	-0.398180367736529	-1.0702324159468	-3.34332485131789	-2.28167081636599	-0.895070357438636	-1.31300107339678	-2.40876186078236	-3.73931923484877	-2.51632118751217	-1.67228312093057	0.986738420702959	-2.82583565258503	-2.32937726435558	-1.89505367760258	-1.64413138304524	-1.57825189514345	-0.748396173848139	-0.829507493673138	-3.26472855072187	-2.14615610987953	-1.63566928209738	-1.15400724145711	-2.20307988789994	-3.92784249392318	-3.60794273376995	-2.90759370833742	-0.91927778827819	-2.11245305938297	-1.18060440344613	-1.28462045913344	-3.07158557446557	0.387946826210944	-4.03545978932269	-0.477351915731968	-1.75338464989663	-2.82980773623986	-3.18245421981869	-3.29118458508373	-2.97854546750711	-3.15266936558013	-1.49987385416791	-0.728563142812978	1.71149948332557
CD8_5	-3.21549554320033	-1.84945146495892	0.178523442144704	-2.19809982070086	-2.03177721595525	-1.3908926709798	0.241757514523895	-2.91256674331288	-2.98091019725294	0.672756767179082	-3.1852033446379	-0.914013762042435	-2.2254217958491	-3.49257674115005	-3.01617252342755	-2.38532082900524	-2.62546448417695	-2.05197934248008	-0.0151823854110694	0.143983999172509	-1.60169941582865	0.165777097081838	-3.52204339041241	0.79216301639051	-1.70958840154319	-2.38164044975346	-0.654689457847688	-3.59307885017265	-2.2064783912453	-2.62440910720344	-3.72016989458902	-0.351748578516632	0.172314205958028	-2.98369115473723	0.328537270985697	-0.137200259114828	-3.64078529816224	-3.20646171140924	-2.9555394168519	-2.88965992895011	-2.0598042076548	-2.1409155274798	-4.57613658452853	-3.45756414368619	-2.94707731590404	-2.46541527526377	-3.5144879217066	-1.23920710045298	-0.618299057731386	-0.218958314867223	-2.23068582208485	-3.42386109318963	-2.49201243725279	1.40401493433676	-4.38299360827223	0.0307427000341807	-0.23292113010858	-1.78875994953863	-3.06479268370329	0.159835939798703	0.205116436513444	0.175565869674301	0.0110982085314531	-0.46403397210993	-2.81128188797457	-2.03997117661964	0.701099732087269
CD8_6	0.558746144770651	-3.11660641025987	0.455415447433027	1.01188096495931	-3.29893216125621	-2.65804761628076	0.470595153876678	0.42234915994046	0.450913547584901	0.426771474830859	0.149712558615438	-2.18116870734339	-3.49257674115005	0.655243331879996	0.193808262232625	-3.65247577430619	-3.8926194294779	0.680909139495827	0.273944059060382	0.257026422528064	-2.8688543611296	-0.0957198498244669	-0.0902196455745604	-0.0392658598168529	-2.97674334684414	-3.64879539505441	-0.249789048459957	0.139770547449503	-3.47363333654625	-3.89156405250439	-0.987281412613107	0.238420407448243	0.538585298945792	-0.250802672761323	0.264494323955755	0.327995932378621	0.523425129190894	0.00351907425093057	0.476284327985943	0.320320856710062	1.37201953718305	-3.40807047278075	-0.230506613856208	0.178376326651893	-4.21423226120499	0.267473206712138	0.172604467899208	-0.324561599366063	-0.329172613259935	0.513843746849226	0.803210942459423	0.814135296997456	-3.75916738255374	0.136859989035805	-0.349116386442218	-0.266379777094718	-0.295959224672169	-3.05591489483958	-4.33194762900424	-0.366974082075544	-0.204713491787135	-0.378384469409388	0.213744301119137	0.268768089606519	0.52363401527877	0.993925587924634	0.638044412429131
DC1	-0.00620284350191608	-2.64020219253737	0.0409683396277886	-2.98885054827931	-2.8225279435337	-2.18164339855825	0.229145973828048	0.597734238953895	-3.77166092483139	0.0580900607165295	0.0240893550605084	-1.70476448962088	-3.01617252342755	0.193808262232625	1.39719944598196	0.823971870693177	1.06092051920573	-2.84273007005853	0.0971378741532094	0.291072558963935	1.60759328386977	-0.323943990811276	0.465364370573835	0.136109809882704	-2.50033912912164	-3.17239117733191	0.34690877726966	0.820293119236856	-2.99722911882375	-3.41515983478189	-4.51092062216747	0.103005169432465	0.159678539667407	-3.77444188231568	-0.0302553742028459	0.302457062074044	-0.43149259846383	1.08197242616554	-3.74629014443035	0.319632770748305	-2.85055493523325	-2.93166625505825	-0.0658551449760203	-0.248271443987779	-3.73782804348249	-3.25616600284222	-0.00418693943982206	-0.259148507574429	-0.454826577311336	0.166341684620041	0.978606877613563	0.262523910193042	0.717280262445621	0.914272489326672	-0.0597976428299048	-0.222892267669074	0.184600950832966	-2.57951067711708	-3.85554341128174	-0.630914787779747	0.348856484361775	-0.351946713196907	0.299508822375955	0.250323208522799	-3.60203261555302	1.16932152307877	0.308275984802392
DC2	-3.37539457635647	-2.00935049811506	0.416551389282137	-2.357998853857	-2.19167624911139	-1.55079170413594	0.303701440545431	-3.07246577646902	-3.14080923040908	0.512857734022942	-3.34510237779404	-1.07391279519857	-2.38532082900524	-3.65247577430619	0.823971870693177	-2.54521986216138	-2.78536351733309	-2.21187837563622	0.12593772014186	0.109020083609542	-1.76159844898479	0.0718064773583613	-3.68194242356855	0.369025838527128	-1.86948743469933	-2.5415394829096	0.0884634973583475	-3.75297788332879	-2.36637742440144	-2.78430814035958	-3.88006892774516	0.0446486160321553	0.614442594079321	-3.14359018789337	0.152247883506465	0.00390899029739625	0.500367378526844	-3.36636074456538	-3.11543845000804	-3.04955896210625	-2.21970324081094	1.69922886664092	-0.73599219040781	-3.61746317684233	-3.10697634906018	-2.62531430841991	-3.67438695486274	-0.1686980848418	-0.602114069771629	-4.37890077530023	-2.39058485524099	-3.58376012634577	-2.65191147040893	-2.75592752609624	-4.54289264142837	-0.0833993251056147	-0.0917918379544935	-1.94865898269477	-3.22469171685943	-0.301071375925801	0.300486048125266	-0.762448224769667	0.152218314084382	0.154182056021758	-2.97118092113071	-2.19987020977578	-3.7598510109141
DC3	-3.61553823152818	-2.24949415328677	0.431676378878386	-2.59814250902871	-2.43181990428311	-1.79093535930766	-0.0333500562107853	0.687433995636129	0.619090541696066	-0.0282942037171337	-3.58524603296576	-1.31405645037029	-2.62546448417695	-3.8926194294779	1.06092051920573	-2.78536351733309	1.5765636760495	-2.45202203080793	0.397669909436624	0.345990445036762	-2.0017421041565	-0.0800763864069729	0.776892611398541	0.0497023849295243	-2.10963108987104	-2.78168313808131	0.246256593678559	0.307930171344726	-2.60652107957315	-3.02445179553129	-0.120169155640006	-0.0357949386522848	-0.227728482369824	-3.38373384306508	0.0881949306044216	0.365809040919496	-0.0407845592132322	0.870631331224031	-3.35558210517975	-3.28970261727796	-2.45984689598265	-2.54095821580765	-0.976135845579522	-3.85760683201404	-3.34712000423189	-2.86545796359162	0.386521099810775	-0.493162078287093	-0.416298040265426	0.380959912451167	-2.6307285104127	0.477147928327742	1.10798830169622	-2.99607118126796	-0.305900565638956	-0.0447914364931864	0.116412943586793	-2.18880263786648	-3.46483537203114	-4.54125845837438	0.147491691318726	-0.303656617079443	0.0881622989230655	-0.0859615991499542	-3.21132457630242	-2.44001386494749	0.69898402405299
DC4	1.25899862001391	-1.67600901158991	0.829072674233182	-2.02465736733184	2.14170866469062	-1.21745021761079	0.415199967892908	-2.73912428994387	-2.80746774388393	0.545190937979732	-3.01176089126889	-0.740571308673422	-2.05197934248008	0.680909139495827	-2.84273007005853	-2.21187837563622	-2.45202203080793	-1.87853688911107	0.334344089073841	0.840295064503504	-1.42825696245963	-0.491863661610739	-3.34860093704339	-0.075747736235547	-1.53614594817418	-2.20819799638445	-4.48129043175554	0.881415313041591	-2.03303593787628	1.54907677344244	-3.54672744122	0.20190004986681	0.646764941895405	-2.81024870136822	0.274737048688575	0.0362421942541857	0.532700582483633	-3.03301925804023	-2.78209696348289	-2.7162174755811	-1.88636175428579	-1.96747307411079	-4.40269413115952	-3.28412169031718	-2.77363486253502	-2.29197282189476	1.13609026262354	-0.0658037314377251	0.0991959299692267	0.255492421070154	-2.05724336871584	0.749624787456244	-2.31856998388378	-2.42258603957109	0.0915005549420125	-0.750018754226703	-0.395266881195647	-1.61531749616962	-2.89135023033428	0.0322701105993523	-4.32041980025634	-4.42915016552138	-0.116467620667897	0.186500784943344	-2.63783943460556	-1.86652872325063	0.573533902887918
E1	0.170814859757994	0.0597796629107406	0.239977925859881	-0.288868692831193	-4.12258951536245	0.518338456889859	0.232518174659572	-0.158274798543256	0.2070333900471	0.384696820846637	0.00274024266214029	-3.00482606144963	-0.0151823854110694	0.273944059060382	0.0971378741532094	0.12593772014186	0.397669909436624	0.334344089073841	0.941258487859754	0.337211857227586	0.60853999460938	-0.0789219701334726	-7.07738463286756e-05	-0.00158922346641121	0.199642726326473	0.226525940978137	-0.208986615711843	0.101439397388502	0.304780157901798	-4.71522140661064	-0.468557539112669	0.000849929345432562	0.0814589135682307	-1.07446002686757	0.375733520245504	0.3233941341668	0.107252122579649	0.270928887017839	0.0997794215114987	0.53804302756247	0.150435202783226	0.245407904074124	-0.314766172804643	-0.43442975007262	-5.03788961531124	-0.556184147394109	-0.158140638722628	-0.434088039594439	-0.368688857325733	0.30296992109392	0.377480568646749	0.225690086523025	0.195333751904699	-0.385789082502078	-0.35986222130004	-0.221925174734034	-0.213406082329735	0.120471178331034	-0.3774464945458	-0.287544903787378	-0.178134202287071	-0.0946143021404124	0.0206349123996171	-0.125137257343852	-0.0569899432049463	-0.130740048749976	0.233515525913657
E2	0.645257936397151	0.343870308946786	0.524854139080944	0.296241091913921	0.860497191028333	-3.49862260691932	0.372895274776214	-0.0202923363292954	0.38848256917306	0.32843348501289	-0.0141773938701777	-3.02174369798195	0.143983999172509	0.257026422528064	0.291072558963935	0.109020083609542	0.345990445036762	0.840295064503504	0.337211857227586	1.06751337887559	1.06872913679653	-0.509010505981475	0.423305501462725	-0.578811578613764	0.483733372362519	0.209608304445819	-0.0414769943448465	0.532187578253294	-0.0131566173395885	-0.0331603530041556	-0.786503197256601	0.220303988877549	0.361206252343771	-0.31326260211206	0.0850090843441621	0.401430201926722	0.260085363438852	0.384779225575356	0.112824801551156	0.59367585571104	0.309601587366805	0.0524062464259095	0.00809867057053686	-0.310019161781984	-1.05476382456669	-4.57314521120329	0.38210394613085	-0.113984327879869	-0.241039422194288	0.369624798032915	-0.338372330747506	0.397828407519527	-0.599698945915447	-0.226622697918499	-0.237870270609304	-0.694774636827908	-0.0530248961653514	0.103553541798716	-1.17247919236595	-0.85100396013955	-0.311557355487292	-0.689132842146374	0.369472503067256	0.125422094641125	-0.220033133775291	0.15335059728607	0.216597889381339
E3	-2.59177316317988	-1.22572908493847	0.50123753959679	-1.57437744068041	-1.4080548359348	-0.767170290959355	-3.61165583641678	-2.28884436329243	-2.3571878172325	-3.00457256264569	-2.56148096461746	-0.290291382021985	-1.60169941582865	-2.8688543611296	1.60759328386977	-1.76159844898479	-2.0017421041565	-1.42825696245963	0.60853999460938	1.06872913679653	-0.977977035808197	-0.0415837349593024	-2.89832101039196	0.976559611693322	-1.08586602152274	-1.75791806973301	-4.0310105051041	-2.9693564701522	-1.58275601122485	-2.00068672718299	-3.09644751456857	-4.42700488863498	-3.20400684129838	-2.35996877471678	-0.47906229437108	0.963614424589883	-3.01706291814179	-2.58273933138879	-2.33181703683145	-2.26593754892966	-1.43608182763435	-1.51719314745935	-3.95241420450808	-2.83384176366574	-2.32335493588359	-1.84169289524332	-2.89076554168615	-4.61552814770939	-4.29562838755616	0.404764065153226	-1.6069634420644	-2.80013871316918	-1.86829005723234	-1.97230611291966	-3.75927122825178	-4.29978225485213	0.0550130454557891	-1.16503756951818	-2.44107030368284	-3.51749339002607	0.828838816533894	-3.97887023886994	-3.66623112129332	-3.84035501936634	-2.18755950795412	-1.41624879659919	-2.97622959773751
M1	-0.537744821885605	-0.942531409151112	-0.297861897384843	-0.814072986173582	-0.948773139031547	0.0600799191596054	-0.207905927154266	0.187456335865071	-0.349735576314009	-0.0672200110136747	0.13833558752511	-4.30814541607985	0.165777097081838	-0.0957198498244669	-0.323943990811276	0.0718064773583613	-0.0800763864069729	-0.491863661610739	-0.0789219701334726	-0.509010505981475	-0.0415837349593024	0.263502216122771	-0.593955542909057	0.217930128584935	-0.501649207026311	-0.270620768302837	-0.293447068723801	-0.995983985360162	0.0526034335904065	-0.696319398442897	0.152635386020813	-0.264245669215938	-0.626364543303665	-0.122550062396698	0.0470462433846435	-0.343009386219849	-0.270740745059854	-0.539895147445833	-0.410151319081928	-1.28378724006442	-0.675777373127526	-0.68994293734039	-0.515118702158405	0.0535603050415661	-0.926233951610455	-0.257485852238378	-0.701793429964124	-0.644823220429768	-0.232711671167408	-0.191693989504671	-0.0933372817451787	-0.311487579527966	-0.13795528875884	-0.0925325059475771	-0.4171001541637	0.107685951002285	-0.139200139645849	-0.279796187937007	0.231271830919324	0.191216800229477	0.021776012415819	0.206090870762282	-0.215590116077222	-0.240998948381636	0.112650001746147	-0.111881467859099	-0.124851853375958
M10	0.718334338280543	-3.14607305952223	0.149053035570446	-3.49472141526417	-3.32839881051856	-2.68751426554311	0.238852936733323	-0.20914491059933	-0.277488364539393	0.0293307976773051	-0.481781511924353	-2.21063535660575	-3.52204339041241	-0.0902196455745604	0.465364370573835	-3.68194242356855	0.776892611398541	-3.34860093704339	-7.07738463286756e-05	0.423305501462725	-2.89832101039196	-0.593955542909057	1.08442554488399	-0.591607876537973	-3.0062099961065	0.32178138296009	0.578845346625668	0.955398215698543	-3.50309998580861	0.777947988372051	-0.414720640598032	0.265435099426465	0.0797718811058093	0.19682298166058	-0.238081394483396	0.282138897860691	-0.335336044171258	0.797948861158411	0.22497471954591	0.290854207447704	0.643617625058751	1.26144156809569	-0.0339084589427518	-0.0552070481107037	-0.243655483190485	-3.76203686982708	0.0919858993691286	0.0596242097594326	-0.136790754180381	0.0754423838932696	0.773744293197065	-0.24334695679182	0.21140939546076	-3.89265008750342	0.146460248065524	-0.280606477628499	0.106246975152991	-3.08538154410194	-4.3614142782666	-0.960701633648711	-0.51172796148142	-0.643939295609975	0.137701593146483	0.284624376092668	-4.10790348253788	-3.33659277118295	0.103430770601836
M11	-0.762171633271533	-3.87326328599125	-0.456143122389971	-4.22191164173318	-4.05558903698758	-3.41470449201213	-0.389957730854541	0.726380211453778	-0.226563529720581	0.0554642639564379	0.171197885597946	-2.93782558307476	0.79216301639051	-0.0392658598168529	0.136109809882704	0.369025838527128	0.0497023849295243	-0.075747736235547	-0.00158922346641121	-0.578811578613764	0.976559611693322	0.217930128584935	-0.591607876537973	0.740634301460239	0.743735508385606	-4.40545227078579	-0.0205332140504392	-0.838732182640285	-4.23029021227762	-4.64822092823576	-0.0450108426972292	-0.41844079180419	-0.948445626712123	-0.706451265924333	-0.0984754625738634	-0.713895925032846	-1.18746138823345	-0.230269189518462	-0.678299528039003	-4.91347174998244	-4.08361602868713	-0.164683921235263	-1.39582570857291	-0.335244826947918	-4.97088913693636	-4.4892270962961	-5.53829974273893	-1.58182020660735	-0.747262659579105	-0.47196081544255	0.0465540667280488	-0.447668571298855	-0.214772548439893	0.778101431874059	-0.734706647339007	0.0349548223736684	0.0314097236170143	-3.81257177057096	0.60159246160726	0.444566924852617	0.522136519116076	-6.39698775963593e-05	0.147132670685329	-0.348009819311851	-0.233022860452604	-0.0637395703751034	0.124425003741084
M12	-2.69966214889442	-1.33361807065302	0.69435683645061	-1.68226642639495	-1.51594382164935	-0.875059276673898	0.28049860514554	1.60331007826989	-2.46507680294704	-3.11246154836024	-2.669369950332	-0.398180367736529	-1.70958840154319	-2.97674334684414	-2.50033912912164	-1.86948743469933	-2.10963108987104	-1.53614594817418	0.199642726326473	0.483733372362519	-1.08586602152274	-0.501649207026311	-3.0062099961065	0.743735508385606	-1.19375500723728	-1.86580705544756	0.162152219026581	-3.07724545586674	-1.69064499693939	-2.10857571289753	-3.20433650028311	0.544290990803703	-3.31189582701293	-2.46785776043133	-0.28594299751726	-3.62141029208578	-3.12495190385634	-2.69062831710333	-2.439706022546	-2.3738265346442	-1.54397081334889	-1.62508213317389	-4.06030319022263	-2.94173074938029	-2.43124392159813	-1.94958188095787	1.30239718244453	-4.72341713342394	-4.40351737327071	-3.70316834783818	-1.71485242777894	-2.90802769888373	-1.97617904294689	-2.0801950986342	-3.86716021396632	-0.407627813289811	0.210362204448487	-1.27292655523272	-2.54895928939739	-3.62538237574062	0.0220145679574139	-0.0867157973076213	0.703015623953256	0.0517994221959757	-2.29544849366867	-1.52413778231373	-3.08411858345205
M13	1.3272644930341	-2.00567011886329	0.0223047882403382	-2.35431847460522	1.81204755741724	-1.54711132488417	0.649799762930338	-3.06878539721725	-3.13712885115731	0.215529830706352	-3.34142199854227	-1.0702324159468	-2.38164044975346	-3.64879539505441	-3.17239117733191	-2.5415394829096	-2.78168313808131	-2.20819799638445	0.226525940978137	0.209608304445819	-1.75791806973301	-0.270620768302837	0.32178138296009	-4.40545227078579	-1.86580705544756	3.06420197340498	-0.509899829183691	-3.74929750407702	-2.36269704514966	-2.7806277611078	0.424663161351844	-0.361841678382971	0.0160955520536621	-3.1399098086416	0.44852427208215	0.00758936954917006	0.504047757778617	-3.36268036531361	-3.11175807075627	-3.04587858285447	-2.21602286155917	-2.29713418138417	0.112749005743927	0.386260629686304	-3.1032959698084	-2.62163392916814	-3.67070657561097	-0.395464838711104	-0.598433690519855	0.624783946874652	-2.38690447598922	0.419963680182864	2.63052479555009	-2.75224714684447	-4.53921226217659	-0.301564800212255	-0.901015628479422	-1.944978603443	-3.22101133760766	-4.29743442395089	-4.65008090752972	-0.758767845517893	-4.44617215521814	-0.620252626014296	-2.96750054187894	-2.19618983052401	0.544881078182903
M2	-0.389531714632059	-4.27876255423438	-0.207446886777571	0.0715677801624882	-4.46108830523071	-3.82020376025526	0.100979323539374	-0.0631219458810922	-0.264090148757798	-0.212507371507097	-0.384062957869177	-3.34332485131789	-0.654689457847688	-0.249789048459957	0.34690877726966	0.0884634973583475	0.246256593678559	-4.48129043175554	-0.208986615711843	-0.0414769943448465	-4.0310105051041	-0.293447068723801	0.578845346625668	-0.0205332140504392	0.162152219026581	-0.509899829183691	0.821428092923685	-0.289995375376839	-0.63574605324389	0.885799555328499	-0.787751259614105	-0.326223463109552	-0.270268128602005	0.365149730194489	-0.362464727501112	-0.423539662971089	-0.55158113151792	-0.130621465196653	-0.606692017562667	-0.473866774048738	0.209863393208544	0.772198038128292	-0.195215088580661	-0.355395038584559	-0.145936929135308	-0.593674654694001	-0.399729725792174	0.00409031506323174	-0.0584045651974534	-0.317898855129051	0.0389817787784935	-0.47295913119691	0.224807611242354	0.317085072667987	0.148641545701954	0.0100435976438842	0.262123263771046	0.383999809740211	-0.151679118095199	-0.421307438656437	-0.130781583355064	-0.621970415848403	0.0581623043033296	-0.115237165896197	-0.638522128695732	-4.46928226589509	-0.296868502962148
M3	0.778577126726484	-3.21710851928248	0.302207067948585	0.434286552252454	-3.39943427027881	-2.75854972530336	0.189357119211878	-0.280180370359572	0.496536992600328	0.305080170141265	-0.552816971684595	-2.28167081636599	-3.59307885017265	0.139770547449503	0.820293119236856	-3.75297788332879	0.307930171344726	0.881415313041591	0.101439397388502	0.532187578253294	-2.9693564701522	-0.995983985360162	0.955398215698543	-0.838732182640285	-3.07724545586674	-3.74929750407702	-0.289995375376839	1.4475042304619	0.425907981708013	0.00797726574987272	-1.08778352163571	0.653129518951938	0.438083189923192	-4.35134820906079	-0.180450321914366	0.520405534261109	-0.531306621524672	1.18930997661309	0.278874377378839	1.02143890343358	0.572582165298509	0.792479128041874	-0.310324173286506	-0.524169488164519	-4.31473437022759	-3.83307232958733	0.460279678853395	-0.270447648069206	-0.872032803569168	0.270674303149991	0.401700550868459	0.0535860966636406	-3.85966949157635	-3.96368554726366	-0.471894775888535	-1.33691435428937	0.00480649241144099	0.84362642341468	-0.432406310749981	-5.50887282437008	-0.958423892309869	-1.0671542575749	0.466241411866841	0.425944361100475	-4.17893894229813	-3.40762823094319	0.178522105689091
M4	0.803491288680332	-1.83050806035512	-0.103541435819861	-2.17915641609706	-2.01283381135146	-1.37194926637601	0.482543878305369	-2.89362333870908	-2.96196679264915	0.390691889214517	-3.16625994003411	-0.895070357438636	-2.2064783912453	-3.47363333654625	-2.99722911882375	-2.36637742440144	-2.60652107957315	-2.03303593787628	0.304780157901798	-0.0131566173395885	-1.58275601122485	0.0526034335904065	-3.50309998580861	-4.23029021227762	-1.69064499693939	-2.36269704514966	-0.63574605324389	0.425907981708013	-2.1875349866415	-2.60546570259964	0.775909240975906	0.329945860198734	0.492265893130191	-2.96474775013343	0.363274885326577	-0.118256854511029	-3.62184189355844	-3.18751830680544	1.06344741502876	-2.87071652434631	-2.040860803051	-2.121972122876	-4.55719317992473	-3.43862073908239	-2.92813391130024	-2.44647187065997	0.504498910174062	-0.141122257972816	-0.298336514418519	-0.200014910263425	-2.21174241748105	0.595125738691029	-2.47306903264899	-2.57708508833631	-0.364006776391566	-0.603509520423554	-0.850788687564429	-1.76981654493483	-3.04584927909949	-0.122228938165862	-0.17386713917633	-0.583605787009729	0.331060751844321	0.253844695355805	-2.79233848337077	-2.02102777201584	-3.58100857315416
M5	-3.61448285455467	-2.24843877631326	-0.220463869209637	-2.5970871320552	-2.4307645273096	-1.78987998233415	0.479581165229202	-3.31155405466722	-3.37989750860729	-4.02728225402049	-3.58419065599225	-1.31300107339678	-2.62440910720344	-3.89156405250439	-3.41515983478189	-2.78430814035958	-3.02445179553129	1.54907677344244	-4.71522140661064	-0.0331603530041556	-2.00068672718299	-0.696319398442897	0.777947988372051	-4.64822092823576	-2.10857571289753	-2.7806277611078	0.885799555328499	0.00797726574987272	-2.60546570259964	1.27765529128745	-4.11915720594336	-0.14868241287881	0.37535431588112	-3.38267846609157	-0.899744564468439	-4.53623099774603	-4.03977260951658	-3.60544902276358	-3.35452672820624	0.711396186972413	-2.45879151900914	-2.53990283883414	-0.276145205744075	-3.85655145504053	-3.34606462725838	-2.86440258661811	0.0865681942159225	0.139914135122993	-0.276941445659021	-0.617945626221564	-2.62967313343919	0.177195022732889	-2.89099974860713	-2.99501580429445	-0.00382243106187751	-0.322487603303816	0.364734912477815	1.81229616638389	-3.46377999505763	-4.54020308140086	-0.114691076415005	-1.00153650296787	0.0892176758965764	-0.0179604665643081	-3.21026919932891	-2.43895848797398	-3.9989392891123
M6	-0.710200214663387	-3.34419956369884	-0.839117877875752	-3.69284791944078	-3.52652531469517	-2.88564076971972	-0.474851397333423	-0.40727141477594	-0.475614868716003	-0.00909634838529309	-0.202815712416702	-2.40876186078236	-3.72016989458902	-0.987281412613107	-4.51092062216747	-3.88006892774516	-0.120169155640006	-3.54672744122	-0.468557539112669	-0.786503197256601	-3.09644751456857	0.152635386020813	-0.414720640598032	-0.0450108426972292	-3.20433650028311	0.424663161351844	-0.787751259614105	-1.08778352163571	0.775909240975906	-4.11915720594336	0.931210352559535	0.120105717422696	-1.32243389278189	-0.00130352251602982	-0.102031724109656	-0.552806919978383	-0.65839766594104	-0.0991389615948651	0.151783332962472	-4.38440802769003	-3.55455230639472	-3.63566362621972	-0.579521588486499	0.00193509248064764	-4.44182541464396	0.516972356957431	-0.532100289485396	-0.708692351493411	-0.255736072627998	-0.483298364839823	-3.72543392082477	-0.91856576465269	0.314291173852514	-4.09077659168002	-0.446376334358058	0.254768265723283	0.00410215805094642	-3.28350804827855	0.218617706121479	0.080040310029248	0.0113900819289898	0.345139208219121	-0.216498702219415	0.289148013599138	0.17110574424663	-3.53471927535956	-0.492629227943583
M7	0.348365245620886	0.555694538278926	0.290463352457761	0.692598885308501	0.184313944510344	-0.216154716509276	0.226445953896532	-0.232720880631175	0.294155219736307	0.198646022255662	-0.165410157009737	-3.73931923484877	-0.351748578516632	0.238420407448243	0.103005169432465	0.0446486160321553	-0.0357949386522848	0.20190004986681	0.000849929345432562	0.220303988877549	-4.42700488863498	-0.264245669215938	0.265435099426465	-0.41844079180419	0.544290990803703	-0.361841678382971	-0.326223463109552	0.653129518951938	0.329945860198734	-0.14868241287881	0.120105717422696	0.606211804123302	0.592724686503918	-1.03083813897888	0.0281309330266279	0.385755723325224	0.0322199206922652	0.474737983483508	0.449604287187303	0.639143229556615	0.606253414320819	0.179910137484467	-0.117462750512172	-0.233651206059588	-0.927278544533545	0.332529576361043	0.521143286007333	-0.276599870175588	-0.454398948728333	0.275215254924543	0.22276459181606	0.27975026277116	-0.038562023351882	-0.0233922198999486	-0.343195047188532	-0.331006368443906	-0.213418341290981	0.38593892057814	-0.685975459521671	-0.499653474275401	-0.481579225071985	-0.477533188632882	0.305356812993678	0.49984519213017	0.10377611833895	0.248670043594798	0.293244321342072
