B1	B2	CD4_1	CD4_2	CD4_3	CD4_4	CD45_1	CD45_2	CD8_1	CD8_2	CD8_3	CD8_4	CD8_5	CD8_6	DC1	DC2	DC3	DC4	E1	E2	E3	M1	M10	M11	M12	M13	M2	M3	M4	M5	M6	M7	M8	M9	Mo1	Mo2	Mo3	Mo4	Mo5	Mo6	Mo7	Mo8	N1	N2	N3	N4	N5	N6	N7	NK1	NK2	NKT	S	T1	T10	T11	T12	T2	T3	T4	T5	T6	T7	T8	T9	Treg1	Treg2
B1	1.51333730764712	-3.30229481512608	0.824033732146134	0.55327800748351	1.2938610516898	0.947456778134815	0.568686960640006	0.800779638545572	0.822436216287486	0.841866279482725	-4.32232503528421	1.16344165165008	0.940098557117822	0.369975478846782	0.254127254991587	0.569981548268623	-3.6415478007521	-3.16969659166072	-0.247801701311613	0.169748424033961	-3.04479248553987	-0.719778941478452	0.694742540398646	0.401585988661547	-3.27881797255994	-0.537328347376516	0.233599492765908	-0.0118730510708455	-3.36595345494146	-2.72272553215355	-4.92791150196436	-0.345061313235749	0.226799913568296	-3.34575321746732	-0.0488299739063547	0.0298816344950803	-0.671804579449091	-0.799034107709764	-0.688321427296582	-4.33416507459311	-4.1221199663321	0.0816905893923577	-0.675301084083796	-0.531281610625098	-3.04479248553987	-4.00800703757483	-0.348762836377429	-0.48622357019047	-0.793094416169415	-0.193103884419345	-3.04479248553987	-0.160702292089993	-0.374023369056488	0.256391764682401	-0.621329327186622	-0.600500603954657	-0.290579852525208	-3.35597077173299	-1.08827578007152	-0.04187790270871	0.199108824136551	-1.10760333502439	0.208468905524593	-0.145149033067247	-3.76778384445152	0.414246056796427	0.498342903735917
B2	-3.30229481512608	-1.50302961645489	0.23595235376596	-1.64750022112215	-2.48665848913453	-2.36722471621476	0.51366752798904	0.966618798928053	1.19037946958146	0.658903220001367	-2.52305983661301	-1.03733657695559	-2.33982110936421	-2.90994418763525	-2.98800417960915	-1.63079668033704	-1.8422826020809	-1.37043139298953	-3.74956866977138	-3.8570618281959	2.75451614040819	-0.543741836040843	-2.68208641527273	-3.59849005147661	-1.47955277388875	-3.03911485855054	0.617933100382971	-3.38870200674222	-1.56668825627026	-0.923460333482351	-3.12864630329316	0.0133031744669788	1.02608465495376	-1.54648801879612	0.116972071583974	0.598718348634416	-3.17359109062312	-2.99981233631543	-3.19010793847061	-2.53489987592191	-2.3228547676609	-2.11908763921331	-3.65419437397729	-2.73205983923076	-1.24552728686867	-2.20874183890363	-3.02663336866736	-4.17832146630123	-4.10777591051899	-3.80881370407914	-1.24552728686867	-2.83857282437992	-3.05189390134641	-1.94438646392326	-3.29919985947655	-4.0799912919907	-0.178532076139197	-1.55670557306179	0.409981136031312	-2.71974843499864	0.486511707865277	-4.00731682649199	0.427964602860536	0.423687681072089	-1.96851864578032	-1.78653217180924	-3.13375727024697
CD4_1	0.824033732146134	0.23595235376596	0.823652231999679	0.392490031667055	1.21132192337697	0.73344355097959	0.382918286096562	0.318298830568451	0.821369744726498	0.728212311958978	-0.182050445114736	1.00265367583362	0.353364768486535	0.360474549685824	0.148876109181326	-3.89185813739306	-0.103300631860057	-3.63149285004554	0.103313559551992	0.272811998393895	0.493454683352174	-0.395737553172484	0.335608014378495	0.0994903610348879	-3.74061423094476	-5.30017631560656	0.127680963783954	0.0906000153216157	0.172293713950584	-3.18452179053837	-0.544603516172349	-0.113589797042005	0.234824235786377	-3.80754947585214	0.0866733560022066	0.185824602398714	-0.0196775293481391	0.154101224959552	-0.220717919482444	0.107134082661113	0.115062465421881	0.318829593869475	-0.25249705523432	-0.515985565325657	-3.50658874392469	-4.46980329595965	-0.246298192451439	-0.149348089279664	-0.386565682145588	0.270569152012894	0.493454683352174	0.391728813346019	-1.0119036485572	-4.20544792097928	-0.329809840488382	-0.477729294002725	-0.308203123610072	-3.81776703011781	-0.77193888314834	-0.679758182209426	-0.218268359418337	-0.63490881798243	0.111371506218682	0.0229428159191533	-4.22958010283634	0.855501786773784	0.564223142264523
CD4_2	0.55327800748351	-1.64750022112215	0.392490031667055	-1.79197082578942	-2.6311290938018	-2.51169532088203	0.369196923321771	-3.17789523301608	-2.95413456236268	-3.48561081194276	-2.66753044128028	-1.18180718162286	-2.48429171403148	-3.05441479230252	-3.13247478427642	-1.77526728500431	-1.98675320674817	-1.5149019976568	-3.89403927443865	-4.00153243286317	-1.38999789153594	-4.98926415055334	-2.82655701994	-3.74296065614388	-1.62402337855602	-3.18358546321781	-3.52658093156116	-3.53317261140949	-1.71115886093753	-1.06793093814962	-3.27311690796043	0.448609766368156	-3.41943765955874	-1.69095862346339	-0.0274985330832952	0.153239461398783	-3.31806169529039	-3.1442829409827	-3.33457854313788	-2.67937048058918	-2.46732537232817	-2.26355824388058	0.502386731200668	1.12351298337883	-1.38999789153594	-2.3532124435709	-3.17110397333462	0.279278777585799	0.349824333368037	-3.95328430874641	-1.38999789153594	-2.98304342904719	-3.19636450601368	-2.08885706859053	-3.44367046414382	-4.22446189665797	-0.198067563213294	-1.70117617772906	-3.73453289591282	-2.8642190396659	-3.95901060664722	-4.15178743115926	-4.19364173276786	0.677144056698393	-2.11298925044759	-1.93100277647651	-3.27822787491424
CD4_3	1.2938610516898	-2.48665848913453	1.21132192337697	-2.6311290938018	2.00683534055135	1.25121725965989	0.484261863307896	-4.01705350102845	1.20671151254805	1.31868458356284	-3.50668870929266	-2.02096544963523	0.676593445233011	-3.89357306031489	-3.97163305228879	-2.61442555301669	-2.82591147476055	-2.35406026566917	-0.131126693896726	0.200705932396386	-2.22915615954832	-0.925327002926674	0.936355560601919	0.0199519243980417	-2.46318164656839	-0.0227003039533251	0.111396531387588	-0.372287452145005	-2.55031712894991	-1.90708920616199	-4.1122751759728	-0.715057053444703	-0.258552500294249	-2.53011689147576	-0.447530853936751	-0.20882650292933	-4.15721996330276	-3.98344120899507	-4.17373681115025	-3.51852874860155	-3.30648364034054	-3.10271651189295	-4.63782324665693	-3.71568871191041	-2.22915615954832	-3.19237071158328	-0.0102188140701358	-0.860898629135644	-5.09140478319863	-0.190371728204493	-2.22915615954832	-3.82220169705956	-4.03552277402606	-2.92801533660291	0.0182229776890353	-1.06357673739348	-0.40884520373578	-2.54033444574144	-4.57369116392519	-3.70337730767828	-0.79812544738273	-4.99094569917164	0.197651475263953	-0.258922052898485	-2.95214751845997	-2.77016104448888	0.924010490345315
CD4_4	0.947456778134815	-2.36722471621476	0.73344355097959	-2.51169532088203	1.25121725965989	1.76858452694847	0.649452885514902	1.00547568753036	0.803276673505844	0.69776010860367	-3.38725493637289	-1.90153167671546	1.09703550072114	0.526912422450105	-3.85219927936902	-2.49499178009692	-2.70647770184078	-2.2346264927494	-0.0116929209769561	-0.420205218110551	-2.10972238662855	-0.562857507875341	-3.54628151503261	0.491562183670277	-2.34374787364862	-3.90330995831042	-4.24630542665377	0.224238624459026	-2.43088335603013	-1.78765543324222	-3.99284140305303	-0.373776461089117	-4.13916215465134	-2.41068311855599	0.188531276334154	0.474868172301249	-4.03778619038299	-3.8640074360753	0.246748671614742	-3.39909497568178	-3.18704986742077	-2.98328273897318	-0.5183460464603	-3.59625493899064	-2.10972238662855	-3.07293693866351	-3.89082846842723	-0.741464856215874	-0.971927583002	0.0259698862997807	-2.10972238662855	0.297275503137071	-3.91608900110629	-2.80858156368314	-4.16339495923642	-4.94418639175058	-0.47846627358826	-2.42090067282167	-0.454213963728562	0.717108175086718	0.467396036030778	-0.871468498975003	0.165818637292768	-0.440507418687784	-2.8327137455402	1.34931615570775	0.303099339838378
CD45_1	0.568686960640006	0.51366752798904	0.382918286096562	0.369196923321771	0.484261863307896	0.649452885514902	0.547354687766955	0.325674469767869	0.497047197503959	0.427584055137853	-0.807370974737453	-3.32169114235689	0.220928569411317	0.49589821330633	0.361110720555131	0.08489218153852	0.35049856347892	0.345257468886035	0.13042991807363	0.161779879890137	-3.52988185226997	-0.247763397447881	0.237681716313921	0.0362339987442117	-3.76390733929005	-1.02241771410662	0.25261372332693	0.190266882900471	0.1490006056053	-3.20781489888365	-0.50990545305542	-0.0370492084737903	0.240019618516586	-3.83084258419742	0.154572812547941	0.24119903498047	0.110257241809858	0.130808116614268	-0.0430971312178216	-0.342118710362086	0.0917693570765972	0.295536485524191	-0.206154375307326	-0.171310160455238	-3.52988185226997	-0.493052977028071	-0.612009243929857	-0.179374576803995	-0.204609473074515	0.257079942735139	-3.52988185226997	0.219497265102327	-0.859112735786591	-4.22874102932456	-0.106431722512326	-0.455860302347659	-0.29361854824369	-3.84106013846309	-0.874412513723747	-0.101007584760898	-0.241561467763621	-0.584100364238384	0.181022191970146	0.0557656132481653	0.0481784986636008	0.531184111343757	0.215357629917304
CD45_2	0.800779638545572	0.966618798928053	0.318298830568451	-3.17789523301608	-4.01705350102845	1.00547568753036	0.325674469767869	1.05943068418842	0.505045274587495	0.55983015348467	-4.05345484850694	1.43231183842735	0.430835588587094	0.0367965314319516	-0.0412634605419488	-3.16119169223097	-3.37267761397483	-2.90082640488345	-0.434859437488476	-0.108700953382583	-2.7759222987626	-0.34580437421228	0.0885702826785695	0.690659530192778	-3.00994778578267	-0.268458160599242	0.201441354232956	-0.220118328497349	-3.09708326816419	-2.45385534537627	-0.357989605341855	-0.430739980597394	-0.203291218231097	-3.07688303069004	0.342446581955454	0.0894929896932225	-0.226850371555921	0.0718635003449421	0.182592465274504	0.235756822029394	0.146793647722037	-3.64948265110723	-0.70745365491009	-4.26245485112469	-2.7759222987626	-3.73913685079756	-4.55702838056128	-0.56258534042455	-0.276441198162548	-0.193077578202468	-2.7759222987626	0.108167894687281	-0.582245485963475	0.525261951459675	-0.352459140409349	-0.656138968977868	-0.26178301591543	-3.08710058495572	-0.342298814574784	0.528015041672131	0.257126063188936	-0.537707495462812	0.0224949370682992	-0.0653343857835147	-3.49891365767425	-3.31692718370316	0.0348264079979003
CD8_1	0.822436216287486	1.19037946958146	0.821369744726498	-2.95413456236268	1.20671151254805	0.803276673505844	0.497047197503959	0.505045274587495	1.18473386819504	0.767200469814982	-3.82969417785353	-2.34397091819611	0.353587976672134	0.68651688676327	-0.294595093572806	-2.93743102157756	-3.14891694332142	-2.67706573423005	-0.0148063777399655	0.0667553066077591	-2.55216162810919	-0.403239084595221	0.0113226707636094	-0.206145702578331	-2.78618711512927	-4.34574919979107	0.214350747504626	0.149767896194081	-2.87332259751078	-2.23009467472287	-0.435237217256815	-0.214157882705164	0.32149401950705	-2.85312236003664	0.10314224373425	0.0324289308206022	-0.179173722018414	-0.306403250279087	-4.49674227971113	-3.84153421716243	0.671562600943805	-3.42572198045383	-0.483692984256687	-4.03869418047128	-2.55216162810919	-3.51537618014415	0.365710980230924	-0.308861653199171	-0.569306007582684	0.185584121811297	-2.55216162810919	-4.14520716562044	-4.35852824258693	-3.25102080516378	-0.605790773440206	-0.608467144666534	-0.136226697439778	-2.86333991430231	-0.419560901524948	-0.0263393489622934	-0.0419894780672424	-1.31390774045565	0.162709786578671	-0.0700516769928859	-3.27515298702085	0.906876914227105	0.705739526283106
CD8_2	0.841866279482725	0.658903220001367	0.728212311958978	-3.48561081194276	1.31868458356284	0.69776010860367	0.427584055137853	0.55983015348467	0.767200469814982	0.82074963619816	-4.36117042743362	-2.8754471677762	0.776315634721942	0.398076359314744	0.173889572493347	1.00822845980347	0.31965023437535	-3.20854198381014	0.0655342182811326	0.0972199709561467	-3.08363787768928	-0.319291968808306	0.257961482471348	0.154465078303447	0.98338834513587	-0.877182022094291	0.336082789424671	0.028462320280892	-3.40479884709087	-2.76157092430296	-0.966713466836905	-0.0956511504134914	0.248652078538288	-3.38459860961673	0.0659622337843573	0.272470072756279	-0.166597437266904	-0.0597644385713479	0.0509663358620077	-0.0719587568972912	0.140086351363716	0.0428451972429459	-0.213549078090654	-0.269118720206146	-3.08363787768928	-4.04685242972424	-0.563692249642738	-0.317461184197723	-0.498726918948429	0.152416943909601	-3.08363787768928	0.364713218071405	-0.4128687612059	0.69463867621725	-0.0233637572763856	-0.412950547323272	-0.258249698516662	-3.3948161638824	-0.729194191927361	-0.256807315974019	-0.0505895157377493	-0.699296279542001	0.138024556055156	-0.0820051540281674	-3.80662923660093	0.676408947215379	0.426073884778906
CD8_3	-4.32232503528421	-2.52305983661301	-0.182050445114736	-2.66753044128028	-3.50668870929266	-3.38725493637289	-0.807370974737453	-4.05345484850694	-3.82969417785353	-4.36117042743362	1.75794211035982	-2.05736679711372	-3.35985132952234	-3.92997440779338	-0.00799097249041405	-2.65082690049517	-2.86231282223903	-2.39046161314766	0.133496525709532	-0.399956317392909	-2.2655575070268	0.199634597574354	-3.70211663543086	0.0804584185040604	-2.49958299404688	-4.05914507870867	-4.40214054705202	-0.40868879962349	-2.58671847642839	-1.94349055364048	-4.14867652345129	-0.343976011579583	-0.294953847772734	-2.56651823895425	0.0133910293501192	0.0557949071957518	-0.193577883504386	-0.0197991291966952	-0.210094731351877	-3.55493009608004	-3.34288498781903	-3.13911785937144	-0.0721537455811229	0.247953367887971	-2.2655575070268	0.771271368215101	0.254388121019743	-0.198347343536251	-0.127801787754014	0.0162603199395521	-2.2655575070268	0.141440382738815	-4.07192412150454	-2.96441668408139	-0.319186652357814	0.242403142734714	-0.119394320119276	-2.57673579321992	0.0888861787351194	-3.73977865515676	0.06852519350096	0.203104429394062	-0.114954013351955	-0.420258517970143	1.48858686502267	-2.80656239196737	-4.1537874904051
CD8_4	1.16344165165008	-1.03733657695559	1.00265367583362	-1.18180718162286	-2.02096544963523	-1.90153167671546	-3.32169114235689	1.43231183842735	-2.34397091819611	-2.8754471677762	-2.05736679711372	-0.571643537456289	-1.87412806986491	-2.44425114813595	-2.52231114010985	-1.16510364083774	-1.3765895625816	-0.904738353490229	-3.28387563027208	0.608674638580258	-0.779834247369373	-4.37910050638677	-2.21639337577343	0.867246415299551	-1.01385973438945	-2.57342181905125	-2.91641728739459	-2.92300896724293	-1.10099521677096	-0.457767293983052	-2.66295326379386	-4.21998247617252	-2.80927401539217	-1.08079497929682	-0.0193785947105397	0.763403105565351	-2.70789805112382	-2.53411929681613	-2.72441489897131	-2.06920683642261	-1.8571617281616	-1.65339459971401	-3.18850133447799	-2.26636679973146	-0.779834247369373	-1.74304879940433	-2.56094032916806	-3.71262842680193	-3.64208287101969	0.656922762697016	-0.779834247369373	-2.37287978488062	-2.58620086184711	-1.47869342442397	-2.83350681997725	-3.61429825249141	-0.189931340324159	-1.09101253356249	-3.12436925174625	-2.25405539549934	0.952204747364575	-3.54162378699269	-3.58347808860129	-3.41167098927384	-1.50282560628103	-1.32083913230994	-2.66806423074768
CD8_5	0.940098557117822	-2.33982110936421	0.353364768486535	-2.48429171403148	0.676593445233011	1.09703550072114	0.220928569411317	0.430835588587094	0.353587976672134	0.776315634721942	-3.35985132952234	-1.87412806986491	1.60154588629116	0.855335168009725	0.777275176035825	1.5324552540305	-2.67907409499022	-2.20722288589885	-0.586316735403838	0.00512536903357289	-2.08231877977799	-0.150104844418303	0.958257822779068	0.263697145752866	-2.31634426679807	-3.87590635145987	0.559256668761476	0.251642231309577	-2.40347974917958	-1.76025182639167	-3.96543779620248	-0.48107037530921	-0.111715120523928	-2.38327951170544	0.11744864215547	0.159853836018666	-4.01038258353244	0.163439598052111	-4.02689943137993	-3.37169136883123	-3.15964626057022	1.04416429515423	-4.49098586688661	-3.56885133214009	-2.08231877977799	-3.04553333181296	-3.86342486157668	-1.01506953193369	-0.467431672467189	0.199499047188358	-2.08231877977799	0.625687392555985	-3.88868539425574	-2.78117795683259	-0.135947925109008	-0.217804094761227	-0.0610939273555527	-2.39349706597112	0.0502819468062496	-3.55653992790796	0.348672848033832	-4.84410831940132	-0.18698393087111	-0.0151768315436607	-2.80531013868965	-2.62332366471856	0.506586967804826
CD8_6	0.369975478846782	-2.90994418763525	0.360474549685824	-3.05441479230252	-3.89357306031489	0.526912422450105	0.49589821330633	0.0367965314319516	0.68651688676327	0.398076359314744	-3.92997440779338	-2.44425114813595	0.855335168009725	0.762326106337618	-0.394875323512647	-3.0377112515174	-3.24919717326126	-2.77734596416989	0.144548926179222	0.198423096087288	-2.65244185804903	-0.183521884128563	0.212050723392132	-0.102309207017933	1.11357608220775	-4.44602942973091	0.210979444848851	0.107478837716452	-2.97360282745062	-2.33037490466271	-4.53556087447352	0.0441307973073805	0.221213789567208	-2.95340258997648	0.122932640025538	-0.264143688214346	0.197652826761209	-0.105675197650565	-0.295970799805746	0.359237262742957	-3.72976933884126	-3.52600221039367	-0.158013529518613	-4.13897441041112	-2.65244185804903	-3.61565641008399	0.0435877911134064	0.0275488784916886	-0.152960757448986	0.261394427106016	-2.65244185804903	0.356583452994015	-4.45880847252678	-3.35130103510363	-0.00713574051811056	-0.31081170882849	-0.322218899160825	-2.96362014424216	-0.99693343514905	-0.126619578902135	-0.376350328983486	-0.569127153495529	0.0879835859089312	-0.0538271239093159	-3.37543321696069	-3.1934467429896	0.573274851593435
DC1	0.254127254991587	-2.98800417960915	0.148876109181326	-3.13247478427642	-3.97163305228879	-3.85219927936902	0.361110720555131	-0.0412634605419488	-0.294595093572806	0.173889572493347	-0.00799097249041405	-2.52231114010985	0.777275176035825	-0.394875323512647	1.17047492075457	-3.1157712434913	-3.32725716523516	-2.85540595614379	0.333659664908639	0.135086311015357	-2.73050185002293	-0.472435009422701	0.874335654844938	-0.384485924492073	1.03551609023385	-4.52408942170481	0.564280482605936	0.98964688514751	-3.05166281942452	-2.40843489663661	-0.613577439170557	0.179598133389502	0.19430571686103	-3.03146258195038	-0.15715422082994	0.155116730518474	-0.0564948052230867	0.876942824780675	0.103075986939818	-4.01987443907617	0.192214096461699	1.09491648777123	-0.0599840719783238	0.0840173074602012	-2.73050185002293	-3.69371640205789	-0.511564504544755	-0.119226744265609	-0.638503138766492	0.121186751097591	-2.73050185002293	0.153588343426943	-4.53686846450068	0.8716906827677	-0.483122712785584	-0.865987165006167	-0.158370684825164	-3.04168013621606	-5.07503685439981	-4.2047229981529	-0.822378834173089	-1.01515565868513	0.503281205120896	-0.0401172291294426	0.546550218342276	-3.2715067349635	0.226372410775589
DC2	0.569981548268623	-1.63079668033704	-3.89185813739306	-1.77526728500431	-2.61442555301669	-2.49499178009692	0.08489218153852	-3.16119169223097	-2.93743102157756	1.00822845980347	-2.65082690049517	-1.16510364083774	1.5324552540305	-3.0377112515174	-3.1157712434913	-1.7585637442192	-1.97004966596306	-1.49819845687168	0.122707693623329	0.316222817767167	-1.37329435075083	-0.671508899922999	1.19018994812197	-3.72625711535877	-1.6073198377709	-3.1668819224327	0.490166036500815	-3.51646907062438	-1.69445532015242	-1.05122739736451	-3.25641336717531	-0.336306848592853	-3.40273411877362	-1.67425508267828	0.232240729833381	0.47095128475226	-3.30135815450528	-3.12757940019759	-3.31787500235277	-2.66266693980406	-2.45062183154306	-2.24685470309546	-3.78196143785945	-2.85982690311292	-1.37329435075083	-2.33650890278579	-3.15440043254951	0.17104720077774	0.0655087354440807	-3.9365807679613	-1.37329435075083	-2.96633988826207	-3.17966096522857	-2.07215352780542	-3.4269669233587	-4.20775835587286	0.170812463924284	-1.68447263694395	-3.71782935512771	-2.84751549888079	-3.94230706586211	-0.135040463097286	0.124113517862484	-4.00513109265529	-2.09628570966248	2.08574419158547	0.738519093147732
DC3	-3.6415478007521	-1.8422826020809	-0.103300631860057	-1.98675320674817	-2.82591147476055	-2.70647770184078	0.35049856347892	-3.37267761397483	-3.14891694332142	0.31965023437535	-2.86231282223903	-1.3765895625816	-2.67907409499022	-3.24919717326126	-3.32725716523516	-1.97004966596306	-2.18153558770692	-1.70968437861554	-4.08882165539739	-4.19631481382192	-1.58478027249469	0.0712283863316399	-3.02133940089875	0.539392693858496	-1.81880575951476	-3.37836784417656	0.278680114756954	-3.72795499236824	-1.90594124189628	-1.26271331910837	0.532144138357688	-0.422857652743542	-3.61422004051748	-1.88574100442214	-0.222280914042043	-0.0415429195599643	-3.51284407624914	-3.33906532194145	-3.52936092409663	-2.87415286154792	-2.66210775328692	-2.45834062483932	0.30760435024192	-3.07131282485678	-1.58478027249469	-2.54799482452965	-3.36588635429337	-4.51757445192724	-4.44702889614501	-4.14806668970516	2.41526315478217	-3.17782581000594	0.608896540304432	-2.28363944954928	-3.63845284510256	0.182826570937574	0.366808931524029	-1.89595855868781	0.0707281504052949	-3.05900142062465	0.448277860948329	0.255501036436286	-0.388380686449741	-0.216573587122291	-2.30777163140634	-2.12578515743525	-3.47301025587299
DC4	-3.16969659166072	-1.37043139298953	-3.63149285004554	-1.5149019976568	-2.35406026566917	-2.2346264927494	0.345257468886035	-2.90082640488345	-2.67706573423005	-3.20854198381014	-2.39046161314766	-0.904738353490229	-2.20722288589885	-2.77734596416989	-2.85540595614379	-1.49819845687168	-1.70968437861554	-1.23783316952417	-3.61697044630602	-3.72446360473054	-1.11292906340331	-0.411143612575484	-2.54948819180737	0.534151599265611	-1.34695455042339	-2.90651663508519	-3.24951210342853	1.04494792656836	-1.4340900328049	-0.790862110016992	-2.9960480798278	-0.252025582361235	-3.14236883142611	-1.41388979533076	0.0454535695490932	0.731316572099775	-3.04099286715776	-2.86721411285007	-3.05750971500525	-2.40230165245655	-2.19025654419554	-1.98648941574795	-3.52159615051193	-2.5994616157654	-1.11292906340331	-2.07614361543827	-2.894035145202	0.431412488125255	0.501958043907492	0.62483622923144	-1.11292906340331	-2.70597460091456	-2.91929567788105	-1.81178824045791	-3.16660163601119	-3.94739306852535	-4.52306958363496	-1.42410734959643	-3.45746406778019	-2.58715021153328	-3.68194177851459	-3.87471860302663	0.384478805209998	0.556285904537448	-1.83592042231497	-1.65393394834388	0.998884380495246
E1	-0.247801701311613	-3.74956866977138	0.103313559551992	-3.89403927443865	-0.131126693896726	-0.0116929209769561	0.13042991807363	-0.434859437488476	-0.0148063777399655	0.0655342182811326	0.133496525709532	-3.28387563027208	-0.586316735403838	0.144548926179222	0.333659664908639	0.122707693623329	-4.08882165539739	-3.61697044630602	1.04764744314794	0.332561924610559	-3.49206634018516	-0.2672067001744	-0.0255300529501865	-0.0968403022617335	-3.72609182720524	-0.586675221728237	0.087354798605308	0.0368577219068309	0.186816117690109	-3.16999938679884	-0.676206666470851	-0.165801647510426	-0.220473941076998	0.20701635516425	0.151176668125891	0.184666813176976	-0.0979087811416551	0.054680777499041	0.010512590604068	0.297745935914828	-0.09225809001627	-0.0645749826845728	-0.219491285138966	-0.677547182702029	-3.49206634018516	-0.455237464943262	-0.318925087077087	-0.231735642869448	-0.451224433975775	0.18017594200863	-3.49206634018516	0.170163040147315	-0.257036321390973	0.11012619260547	-0.399607775022439	-0.541199798338845	-0.136538231164754	-3.80324462637829	-0.292532059372163	-0.188128999750437	0.0461312536438581	-0.356228238778541	-0.00345388848184201	-0.317722429521144	0.262078031864306	-4.03307122512573	0.0821031719000862
E2	0.169748424033961	-3.8570618281959	0.272811998393895	-4.00153243286317	0.200705932396386	-0.420205218110551	0.161779879890137	-0.108700953382583	0.0667553066077591	0.0972199709561467	-0.399956317392909	0.608674638580258	0.00512536903357289	0.198423096087288	0.135086311015357	0.316222817767167	-4.19631481382192	-3.72446360473054	0.332561924610559	1.06765958387351	0.400483928667173	-0.604433096744172	0.194332849030433	-0.146341610649143	-3.83358498562976	-1.09209536044634	0.0767714861527887	0.126498088131773	-3.92072046801128	-3.27749254522337	-1.18162680518895	-0.0423212993239291	0.203510284741636	-3.90052023053714	-0.00565966809827857	0.196487700650613	-0.0652238069005846	0.00788517619391904	-0.163927098943451	-0.0438278434861	0.0220917107368801	0.305038637610366	-0.1051360558586	-0.387113360832982	-3.59955949860969	-4.56277405064465	-0.125390662564647	0.0178747973493056	-0.268683245511736	0.195089121660285	-3.59955949860969	0.0115176608670182	-5.40592611308743	0.604676739974757	-0.176109368852043	-0.971624008268169	-0.239584650320035	-3.91073778480281	-1.64304279314134	-0.772728936894427	-0.478375247378089	-0.81727975304313	0.415022619774547	-0.249124555084737	-0.32250743024448	-0.140520956273393	0.174969293810994
E3	-3.04479248553987	2.75451614040819	0.493454683352174	-1.38999789153594	-2.22915615954832	-2.10972238662855	-3.52988185226997	-2.7759222987626	-2.55216162810919	-3.08363787768928	-2.2655575070268	-0.779834247369373	-2.08231877977799	-2.65244185804903	-2.73050185002293	-1.37329435075083	-1.58478027249469	-1.11292906340331	-3.49206634018516	0.400483928667173	-0.988024957282458	0.190867272264836	-2.42458408568652	-3.3409877218904	-1.22205044430253	-2.78161252896433	-3.12460799730768	-3.13119967715601	-1.30918592668405	-0.665958003896137	-2.87114397370694	-4.42817318608561	-3.01746472530525	-1.28898568920991	-0.227569304623624	-3.4448310316246	-2.91608876103691	-2.74231000672922	-2.9326056088844	-2.27739754633569	-2.06535243807469	-1.86158530962709	0.603351382885787	-2.47455750964455	-0.988024957282458	-1.95123950931742	-2.76913103908114	-3.92081913671501	-3.85027358093278	0.749740335352295	-0.988024957282458	-2.5810704947937	-2.7943915717602	-1.68688413433705	-3.04169752989033	0.177554464872372	-0.398122050237243	-1.29920324347558	-3.33255996165934	-2.46224610541242	0.920098058567387	-3.74981449690578	0.20837462876249	-3.61986169918692	-1.71101631619411	-1.52902984222302	1.1237884866161
M1	-0.719778941478452	-0.543741836040843	-0.395737553172484	-4.98926415055334	-0.925327002926674	-0.562857507875341	-0.247763397447881	-0.34580437421228	-0.403239084595221	-0.319291968808306	0.199634597574354	-4.37910050638677	-0.150104844418303	-0.183521884128563	-0.472435009422701	-0.671508899922999	0.0712283863316399	-0.411143612575484	-0.2672067001744	-0.604433096744172	0.190867272264836	0.390474511458923	-0.252997596970053	0.091961762714651	-0.520264993474703	0.327542197142112	-0.0735666360355473	-0.897956384799285	-0.00535677006240647	-0.265180835636671	0.156955726296324	-0.428867770675941	-0.541183657976928	0.390503938479941	-0.125807642770929	-0.426049089280641	-0.279826320650036	-0.455084976555689	-0.761019120167931	-0.797478940199864	-0.623222063820152	-0.557756153005452	-0.318351259449653	0.272529401416793	-4.58729121629985	-0.29523085049109	-0.597544550364676	-0.423870775586769	-0.0314043249424864	-0.284881514426076	0.111687473838944	-0.293845464620178	0.150410337656799	-0.684079544800152	-0.158090062438974	0.163705519366989	-0.197608898652271	-0.296398653938681	0.0716343545175402	0.155971842992785	-0.100543428526875	0.296832528925233	-0.431893617486011	-0.263921372514434	-0.164151437440907	-0.128291758317316	-0.239992500273891
M10	0.694742540398646	-2.68208641527273	0.335608014378495	-2.82655701994	0.936355560601919	-3.54628151503261	0.237681716313921	0.0885702826785695	0.0113226707636094	0.257961482471348	-3.70211663543086	-2.21639337577343	0.958257822779068	0.212050723392132	0.874335654844938	1.19018994812197	-3.02133940089875	-2.54948819180737	-0.0255300529501865	0.194332849030433	-2.42458408568652	-0.252997596970053	0.917015274474111	-0.0785681601556579	-2.65860957270659	-4.21817165736839	0.614927028630837	0.754462557237886	1.25429837218875	-2.1025171323002	-0.307659674834142	0.0273628449882537	0.244954836429484	-2.72554481761397	-0.145635549309599	0.197794705124571	0.492456354735859	0.66623510904355	0.107970993672666	0.587095035105471	-3.50191156647875	-3.29814443803115	0.34284298154744	-3.91111663804861	-2.42458408568652	-3.38779863772148	0.0953615423600244	-0.0149536102355276	-0.245436076064904	0.158260634873609	-2.42458408568652	-0.0175861959209028	-4.23095070016426	-3.12344326274111	0.1238141902599	-0.781912359847428	-0.118720427102475	-2.73576237187964	-0.468067380218172	0.10123819346038	-0.391525952243501	-0.283278209670801	0.218931655472737	-0.0150241943190514	-3.14757544459817	-2.96558897062708	0.164321661896301
M11	0.401585988661547	-3.59849005147661	0.0994903610348879	-3.74296065614388	0.0199519243980417	0.491562183670277	0.0362339987442117	0.690659530192778	-0.206145702578331	0.154465078303447	0.0804584185040604	0.867246415299551	0.263697145752866	-0.102309207017933	-0.384485924492073	-3.72625711535877	0.539392693858496	0.534151599265611	-0.0968403022617335	-0.146341610649143	-3.3409877218904	0.091961762714651	-0.0785681601556579	0.628269015042432	-3.57501320891047	-5.13457529357227	0.102213977579906	-0.442765808492016	0.337894735984877	-3.01892076850407	-0.11016004529411	-0.434782780614805	-0.224296352142591	-3.64194845381784	0.0385395994127879	-0.279278540312756	-0.423947281468018	-0.317114282772463	-0.28556403056923	0.0686183791951669	-0.418271775405763	0.262587656726092	-0.573560654656437	-0.0493617856877966	-3.3409877218904	-4.30420227392536	-0.644958072727956	-0.650531576891801	-0.345903245923084	-0.281023814669719	0.659055705386467	-0.155874770836952	-0.06816947121491	-4.03984689894499	-0.549556050321446	0.107849727886105	0.0710399026517639	-3.65216600808352	0.310112907011348	0.582732875826131	0.380034397075906	0.0674847473233589	0.00458785754323052	-0.329370800276882	0.237072629043177	0.720078241723333	0.0495381814385458
M12	-3.27881797255994	-1.47955277388875	-3.74061423094476	-1.62402337855602	-2.46318164656839	-2.34374787364862	-3.76390733929005	-3.00994778578267	-2.78618711512927	0.98338834513587	-2.49958299404688	-1.01385973438945	-2.31634426679807	1.11357608220775	1.03551609023385	-1.6073198377709	-1.81880575951476	-1.34695455042339	-3.72609182720524	-3.83358498562976	-1.22205044430253	-0.520264993474703	-2.65860957270659	-3.57501320891047	-1.45607593132261	-3.0156380159844	0.942418225517474	-3.36522516417608	-1.54321141370412	-0.899983490916211	-3.10516946072702	0.182905571071145	-3.25149021232533	-1.52301117622998	0.0824577426879005	0.622195191200555	-3.15011424805698	-2.97633549374929	-3.16663109590447	1.48862039392109	-2.29937792509476	-2.09561079664717	0.369325895865713	-2.70858299666462	-1.22205044430253	-2.18526499633749	-3.00315652610122	-0.154801196458225	-0.0842556406759876	-3.78533686151301	-1.22205044430253	-2.81509598181378	-3.02841705878027	-1.92090962135712	-3.27572301691041	-4.05651444942457	-0.155055233573057	-1.53322873049565	-3.56658544867941	-2.6962715924325	-3.79106315941381	-3.98383998392585	0.576376563019848	-3.853887186207	-1.94504180321419	-1.7630553292431	0.889762999596027
M13	-0.537328347376516	-3.03911485855054	-5.30017631560656	-3.18358546321781	-0.0227003039533251	-3.90330995831042	-1.02241771410662	-0.268458160599242	-4.34574919979107	-0.877182022094291	-4.05914507870867	-2.57342181905125	-3.87590635145987	-4.44602942973091	-4.52408942170481	-3.1668819224327	-3.37836784417656	-2.90651663508519	-0.586675221728237	-1.09209536044634	-2.78161252896433	0.327542197142112	-4.21817165736839	-5.13457529357227	-3.0156380159844	1.99534295598151	-0.617143859144324	-4.92478724883788	-3.10277349836592	-2.45954557557801	-0.0626606968345209	-0.641976018271957	-4.81105229698713	1.21847844895345	-0.574019783619355	-1.23837517602961	-0.232540601757655	-4.53589757841109	-0.425141470721043	-4.07098511801757	-3.85894000975656	-3.65517288130897	-1.19023618879609	0.0329066285188048	-2.78161252896433	-3.74482708099929	-0.562675183486151	-1.01542801825809	0.134290821592529	-0.86776321521368	-2.78161252896433	-4.37465806647558	1.50893121700143	-3.48047170601892	-0.233214253017911	-0.502129841065591	-0.406422502227628	-3.09279081515745	-0.825095823495983	-4.25583367709429	-0.572466755510918	-0.502005435315718	-1.28420466035102	-0.811378422314501	-3.50460388787598	-3.3226174139049	-4.66984251234263
M2	0.233599492765908	0.617933100382971	0.127680963783954	-3.52658093156116	0.111396531387588	-4.24630542665377	0.25261372332693	0.201441354232956	0.214350747504626	0.336082789424671	-4.40214054705202	-2.91641728739459	0.559256668761476	0.210979444848851	0.564280482605936	0.490166036500815	0.278680114756954	-3.24951210342853	0.087354798605308	0.0767714861527887	-3.12460799730768	-0.0735666360355473	0.614927028630837	0.102213977579906	0.942418225517474	-0.617143859144324	0.683292128333447	0.300420180653049	0.554274460567595	-2.80254104392136	-0.405656165177869	0.112850817847994	0.260927253000523	0.574474698041736	-0.0993561178057644	0.0717994072233036	-0.0984244661553659	-0.100734558189745	-0.0277920156376839	0.063155144600209	0.099116231745319	0.603902498901982	-0.419328391395524	-0.134004818708646	-3.12460799730768	-4.08782254934264	0.048533255800399	-0.0936138773357152	-0.353387155392416	0.0524690646017056	-3.12460799730768	0.185441880820114	-0.930931184508557	0.653668556598853	-0.224033235008794	-0.379287262934188	-0.076866469483241	-3.4357862835008	-0.867072153130262	-0.598785718160779	-0.175105456499178	-0.330093829791826	0.329426976271228	0.100888360405487	0.152444071057532	-3.66561288224824	0.0663468844672468
M3	-0.0118730510708455	-3.38870200674222	0.0906000153216157	-3.53317261140949	-0.372287452145005	0.224238624459026	0.190266882900471	-0.220118328497349	0.149767896194081	0.028462320280892	-0.40868879962349	-2.92300896724293	0.251642231309577	0.107478837716452	0.98964688514751	-3.51646907062438	-3.72795499236824	1.04494792656836	0.0368577219068309	0.126498088131773	-3.13119967715601	-0.897956384799285	0.754462557237886	-0.442765808492016	-3.36522516417608	-4.92478724883788	0.300420180653049	1.06408229579265	-3.4523606465576	-2.80913272376969	-0.71326698373527	0.377065108726476	0.395664261960366	-3.43216040908346	-0.297047205085721	0.136270937525418	-5.05926348091046	0.757968936915212	-0.0757759858348444	0.482523149429792	0.636577086228586	0.84034421467618	-0.238834597133666	-4.6177322295181	-3.13119967715601	-4.09441422919097	-0.43517002799357	-0.347989677772874	-0.993443957883223	-0.0317273185674965	-3.13119967715601	-0.247109483706134	-0.937522864356889	0.647076876750521	-0.33976800558706	-0.886478817124815	-0.0137101676455725	-3.44237796334913	-5.47573468153289	-4.60542082528597	-0.62102752711406	-1.41585348581821	0.488402519433562	0.228190099789428	-3.85419103606766	-3.67220456209658	0.21102181550987
M4	-3.36595345494146	-1.56668825627026	0.172293713950584	-1.71115886093753	-2.55031712894991	-2.43088335603013	0.1490006056053	-3.09708326816419	-2.87332259751078	-3.40479884709087	-2.58671847642839	-1.10099521677096	-2.40347974917958	-2.97360282745062	-3.05166281942452	-1.69445532015242	-1.90594124189628	-1.4340900328049	0.186816117690109	-3.92072046801128	-1.30918592668405	-0.00535677006240647	1.25429837218875	0.337894735984877	-1.54321141370412	-3.10277349836592	0.554274460567595	-3.4523606465576	2.67070481375959	-0.987118973297726	0.807738484168329	0.250670187435908	-3.33862569470684	-1.6101466586115	-0.0716234953057498	-3.76599200102619	-3.2372497304385	-3.0634709761308	-3.25376657828599	-2.59855851573728	-2.38651340747628	-2.18274627902868	0.583198696052561	-2.79571847904614	-1.30918592668405	-2.27240047871901	-3.09029200848273	-4.2419801061166	0.129617159510861	0.127571083382342	-1.30918592668405	-2.90223146419529	-3.11555254116179	-2.00804510373864	0.637184927984939	-4.14364993180608	-0.719283019638833	-1.62036421287717	-3.65372093106093	-2.78340707481401	-3.87819864179533	-4.07097546630737	-4.11282976791596	0.661048179965782	-2.0321772855957	-1.85019081162461	-3.19741591006235
M5	-2.72272553215355	-0.923460333482351	-3.18452179053837	-1.06793093814962	-1.90708920616199	-1.78765543324222	-3.20781489888365	-2.45385534537627	-2.23009467472287	-2.76157092430296	-1.94349055364048	-0.457767293983052	-1.76025182639167	-2.33037490466271	-2.40843489663661	-1.05122739736451	-1.26271331910837	-0.790862110016992	-3.16999938679884	-3.27749254522337	-0.665958003896137	-0.265180835636671	-2.1025171323002	-3.01892076850407	-0.899983490916211	-2.45954557557801	-2.80254104392136	-2.80913272376969	-0.987118973297726	-0.343891050509815	-2.54907702032062	0.49596461585501	-2.69539777191893	-0.966918735823585	0.0944976487626971	-3.12276407823827	-2.59402180765058	-2.42024305334289	-2.61053865549808	-1.95533059294937	-1.74328548468837	-1.53951835624077	-3.07462509100475	-2.15249055625823	-0.665958003896137	-1.6291725559311	-2.44706408569482	-3.59875218332869	-3.52820662754645	-3.22924442110661	-0.665958003896137	-2.25900354140738	-2.47232461837388	-1.36481718095073	-2.71963057650401	-3.50042200901817	0.224953185717442	-0.977136290089258	-3.01049300827302	-2.1401791520261	-3.23497071900741	-3.42774754351946	0.530441582148811	-3.2977947458006	-1.38894936280779	-1.2069628888367	-2.55418798727444
M6	-4.92791150196436	-3.12864630329316	-0.544603516172349	-3.27311690796043	-4.1122751759728	-3.99284140305303	-0.50990545305542	-0.357989605341855	-0.435237217256815	-0.966713466836905	-4.14867652345129	-2.66295326379386	-3.96543779620248	-4.53556087447352	-0.613577439170557	-3.25641336717531	0.532144138357688	-2.9960480798278	-0.676206666470851	-1.18162680518895	-2.87114397370694	0.156955726296324	-0.307659674834142	-0.11016004529411	-3.10516946072702	-0.0626606968345209	-0.405656165177869	-0.71326698373527	0.807738484168329	-2.54907702032062	1.19998000185705	-0.0441202393533676	-0.298512893175445	-3.17210470563439	-0.191631681230178	-0.286553414777149	-0.322072046500268	0.0735496669850982	-0.514672915463656	-4.16051656276018	0.0515719727776896	-3.74470432605158	-0.165864367794789	0.119459204892088	-2.87114397370694	0.466693184103322	-4.65225005550563	-0.0715435890682346	0.0795214274304371	-0.434426047994312	-2.87114397370694	-4.46418951121819	0.225584827454353	-3.57000315076154	-0.0797123021379937	0.113936614734337	0.0551754400455977	-3.18232225990007	-0.437520489519132	-4.34536512183691	-0.440152345895117	0.379904133019831	-0.419512897095133	0.389114443866512	-3.5941353326186	-3.41214885864751	-0.759330529808384
M7	-0.345061313235749	0.0133031744669788	-0.113589797042005	0.448609766368156	-0.715057053444703	-0.373776461089117	-0.0370492084737903	-0.430739980597394	-0.214157882705164	-0.0956511504134914	-0.343976011579583	-4.21998247617252	-0.48107037530921	0.0441307973073805	0.179598133389502	-0.336306848592853	-0.422857652743542	-0.252025582361235	-0.165801647510426	-0.0423212993239291	-4.42817318608561	-0.428867770675941	0.0273628449882537	-0.434782780614805	0.182905571071145	-0.641976018271957	0.112850817847994	0.377065108726476	0.250670187435908	0.49596461585501	-0.0441202393533676	0.483397610466366	0.328428327213439	-4.72913391801305	-0.180035377380295	0.039300077335858	-0.0867238121305437	0.252110828168895	0.218310880696499	0.30776049983751	0.423918769770841	0.254570168708931	-0.0252652003028823	-0.423342643665743	-4.42817318608561	0.0399776345335227	0.333546283514552	-0.0562614457736922	-0.321472082106412	-0.00603308430155138	-0.428129758808744	-0.0718282289808862	-0.544342834220469	0.151723523567046	-0.108933571700329	-0.689765472885655	-0.164095751545245	0.374595220742044	-1.05670401164679	-0.823209469062342	-0.709383947403581	-0.749053486290665	0.256451602287571	0.331454501481775	0.079286931046924	-0.0149307361194119	-0.0587243546530883
