B1	B2	CD4_1	CD4_2	CD4_3	CD4_4	CD45_1	CD45_2	CD8_1	CD8_2	CD8_3	CD8_4	CD8_5	CD8_6	DC1	DC2	DC3	DC4	E1	E2	E3	M1	M10	M11	M12	M13	M2	M3	M4	M5	M6	M7	M8	M9	Mo1	Mo2	Mo3	Mo4	Mo5	Mo6	Mo7	Mo8	N1	N2	N3	N4	N5	N6	N7	NK1	NK2	NKT	S	T1	T10	T11	T12	T2	T3	T4	T5	T6	T7	T8	T9	Treg1	Treg2
B1	1.3201062317585	1.04687118909295	0.180350491631927	0.81640563527659	0.9328848775465	-0.0673577146884138	0.42502052510828	0.16548606826996	0.351561765444086	0.134771888441865	-0.827253618627539	-0.380389095367942	-0.129825332289768	0.248811954506375	0.364754262553382	-3.52134434103769	-3.73127879530884	-3.42297462885856	0.025868611574907	0.145933274212794	0.502830519236147	-0.299969150510019	0.43185008628664	0.070604403127658	0.111150878899586	-2.7984091287209	0.0461977242136017	-4.43811927435863	-4.41400617443028	0.900708186071148	-0.124093797598124	0.150925530424076	0.455348335904492	-3.91690693853502	-0.0864309139899588	0.105195085189268	-0.29541424889023	-0.0142652428232837	-0.247564374521369	-3.84242377232333	-4.05862489298821	0.694692954862338	-0.265091138958644	-0.45483407831728	-2.55552685822663	-3.895127977472	-0.43201105363789	-0.159348632374613	-0.477028402933925	0.0819306219126202	-3.97842288788589	0.0987298427936379	1.03403991429928	0.274217784655793	-0.180341277738113	-0.121095753616804	0.00906313295217684	0.900738423884916	-4.20474966848998	0.361161679514409	0.152643575493951	-0.155141959479898	0.195569545023894	0.236790517041005	-4.0687249575804	0.040891418487554	0.383967461641707
B2	1.04687118909295	-1.83944083229715	0.316339817460869	-1.46787896483608	-1.35139972256617	-3.55572158451217	0.622275940610075	0.24781885714544	-3.18795432523544	0.207120479364944	-3.11153821874021	-2.66467369548061	-3.61818920211353	-3.55394447424921	-2.61846560042122	-1.80558551387349	-2.01551996814464	-1.70721580169436	0.264520177711745	0.356584193165811	-1.78145408087652	-0.210266736360496	-2.69749533072599	0.360408431393271	-2.47414200378144	-1.0826503015567	-3.72940654340416	1.57869126265079	-2.69824734726609	-1.38357641404152	-3.31143038607297	0.24551090183467	1.110419235824	-2.20114811137082	-0.172158878070197	0.258682167154694	-3.83493033956976	-2.90057726421338	-3.376909791534	-2.12666494515913	-2.34286606582402	-1.58959164525033	-3.98069768444854	-3.21621098211421	-0.839768031062436	-2.1793691503078	-3.01730393631892	0.00416174218299249	-4.52469831811561	-0.17539543926118	-2.26266406072169	0.559257179390971	-1.94917994867532	-2.31107509802524	-3.24274093913861	-3.78554997772078	-0.395708872823461	-1.68455445879611	-2.48899084132579	-2.22413120316662	-3.38687251518558	-4.14695415997061	-0.212480168039215	0.350510524190721	-2.3529661304162	0.610562535158012	-3.64063719031395
CD4_1	0.180350491631927	0.316339817460869	0.29455026190954	-3.78923404603918	0.628296906075954	0.209283520938408	0.146008197300038	0.081756689832862	0.335789253995953	0.100566083746301	0.0722580355447298	0.411912969162776	0.13963732464291	0.129022248324654	0.101575951647606	-4.1269405950766	-0.336831622070885	-4.02857088289746	0.0964573422808377	0.14912937106523	-0.102765734802762	-0.114531671926177	-0.115754996290057	0.0375889528024376	0.107598330654488	-3.40400538275981	-0.0295719119237293	0.132378625945033	-0.4175315799149	0.596120214600602	-0.155662764910549	-0.0204687177935662	0.0954788611109416	0.0795676559803667	0.00831254719645954	0.12623399607955	-0.165058901922962	0.209433027237601	-0.0854799567638273	-0.146968316517012	-0.363169437181897	-3.91094672645343	-0.0467800192736923	-0.157353012049136	-3.16112311226554	0.101346617043385	-0.0599031308147814	-0.000538615468159491	-0.105690630861846	0.135663445677709	-0.106883410963672	0.187249165526969	0.507623458686266	0.0665485109104563	-0.166154274495223	0.0484312822435	0.0264024618174992	-0.00586611272235739	-0.509294212683665	0.357609131269311	0.111316997174628	-0.114200609860659	-0.00883373984221325	0.0114051880409224	-0.373269501774079	0.252952326082561	0.222699443153049
CD4_2	0.81640563527659	-1.46787896483608	-3.78923404603918	-1.096317097375	-0.979837855105094	-3.1841597170511	0.391810386793715	0.619380724606512	-2.81639245777437	0.578682346826017	-2.73997635127913	-2.29311182801954	-3.24662733465245	0.817660820488728	-2.24690373296015	-1.43402364641242	-1.64395810068357	-1.33565393423329	0.459998024056921	-3.27189736664998	-1.40989221341545	-0.880058074894494	-2.32593346326492	0.254877995170082	-2.10258013632037	-0.711088434095632	-3.35784467594308	-2.35079857973337	-2.32668547980502	-1.01201454658045	-2.93986851861189	0.286082859129992	0.879953682007637	-1.82958624390975	-0.30574101745828	0.329235752047403	-3.46336847210869	-2.52901539675231	-3.00534792407293	-1.75510307769806	-1.97130419836295	-1.21802977778926	-3.60913581698747	1.15539431262373	-0.468206163601364	-1.80780728284673	-2.64574206885785	0.199639588528168	0.147915259190689	0.196166428199892	-1.89110219326062	0.930819046852043	-1.57761808121425	-1.93951323056416	-2.87117907167754	0.58605531701715	-0.0241470053623884	-1.31299259133504	-2.11742897386471	-1.85256933570555	-3.01531064772451	-3.77539229250954	-3.840961727855	0.722072391651793	-1.98140426295513	-3.01791902465778	-3.26907532285288
CD4_3	0.9328848775465	-1.35139972256617	0.628296906075954	-0.979837855105094	-0.863358612835184	-3.06768047478119	-3.49175379821324	0.735859966876422	-2.69991321550446	0.695161589095927	-2.62349710900922	-2.17663258574963	-3.13014809238254	-3.06590336451822	-2.13042449069024	-1.31754440414251	-1.52747885841366	-1.21917469196338	0.576477266326831	-3.15541812438007	-1.29341297114554	-4.76362225990145	1.79058920628186	-3.62868618983687	-1.98610089405046	-0.594609191825722	-3.24136543367317	-2.23431933746346	-2.21020623753511	-0.895535304310536	-2.82338927634198	0.0345935881841993	-3.00361050299932	-1.71310700163984	-0.18926177518837	0.445714994317313	-3.34688922983878	1.58750727279446	-2.88886868180302	-1.63862383542815	-1.85482495609304	-1.10155053551935	-3.49265657471756	-2.72816987238322	-0.351726921331454	-1.69132804057682	-2.52926282658794	0.492202851913975	-4.03665720838463	0.914673091747235	-1.77462295099071	1.04729828912195	-1.46113883894434	-1.82303398829425	-2.75469982940763	-3.2975088679898	-3.90771119036934	-1.19651334906513	-2.0009497315948	-1.73609009343564	-2.8988314054546	-3.65891305023963	-3.72448248558509	-3.46250007592352	-1.86492502068522	-2.90143978238787	-3.15259608058297
CD4_4	-0.0673577146884138	-3.55572158451217	0.209283520938408	-3.1841597170511	-3.06768047478119	0.620092822750725	0.116838364628455	0.28737029524552	0.438189577433079	0.238985102404427	0.0752764446838091	0.698230417457596	0.31874352454457	-0.191040361311003	0.364232337502554	0.478177161188349	0.569250989485561	-3.42349655390938	0.0155868602019433	-0.037518623528118	0.50230859418532	-0.104621202234606	-0.112724373095787	0.319280598441257	-0.190379328719606	-2.79893105377173	0.059464039868861	-0.137589489564235	-0.41448467220425	-3.09985716625654	-0.550575407326866	-0.132316119250896	-0.0939856719245504	0.0826145636910165	0.0983294176318854	0.019501679301621	-0.773052603220093	0.286237399210632	-0.0517939104770898	-3.84294569737416	-4.05914681803904	-3.30587239746535	-0.742731101756801	-0.455356003368107	-2.55604878327746	0.104393524754035	-4.73358468853394	-0.425825998647273	-0.607509604765054	0.0478001330543249	0.0210986143401493	0.12168888660633	0.33458272638652	0.273695859604966	-0.657969981508405	-0.0104676351538536	0.0340952935731246	-3.40083521101114	0.697823822098229	0.360639754463581	0.388209827381353	-0.155663884530725	-0.0149899655202901	-0.122752652679649	-4.06924688263122	0.255968079916491	0.148233392959064
CD45_1	0.42502052510828	0.622275940610075	0.146008197300038	0.391810386793715	-3.49175379821324	0.116838364628455	0.294824531415834	0.120259000571602	0.176842934605526	0.138605351793151	0.00338262345644869	0.040076473049146	0.0865553826739048	0.125246043667035	0.387311461702309	-3.94593958952056	-0.15583061651485	-3.84756987734143	0.063671044838153	0.0422621411429394	-3.92180815652359	-0.142329993034443	0.116397928533699	0.0284761588158393	0.163662409136175	0.777039050073087	0.0796298755647386	0.0915328120652511	-0.361465691952037	-3.52393048968859	-0.247661764732083	0.0263200162542269	0.302493267859488	-0.0404504771726675	0.00397888426995136	0.111742828277985	-0.0357646634094398	0.237824546846791	-0.216231700050108	0.431959669332595	-0.182168431625863	0.270097706379463	-0.0138414511553091	0.0584099605697193	-2.98012210670951	-0.319679798678013	0.14337415516497	0.00472013693615086	-0.116049009054854	0.204035182797377	0.37514035219593	0.100101818621853	0.387601706638733	-0.150377463827082	-0.178972317797724	-0.0174184983235102	-0.013662011822331	0.175134892833677	-0.152209186011734	-4.36448527881369	0.0409763070016292	-0.309584173176989	0.0467962235435452	0.176276701855148	-0.192268496218044	0.00164522661116592	0.187492149575973
CD45_2	0.16548606826996	0.24781885714544	0.081756689832862	0.619380724606512	0.735859966876422	0.28737029524552	0.120259000571602	0.555100041697461	0.390625031712237	0.218573117332622	-0.422251108020185	0.422546909608222	0.332350515096196	0.113056527412041	-0.0541136072943722	0.281674175569099	-3.92830370597892	-3.61999953952863	-0.021595228163671	-0.0938434764817724	0.305805608566069	-0.0988673553956527	-0.309227358715038	0.339705005603909	-4.38692574161572	-2.99543403939098	0.0567805916856829	0.0638345051100871	-0.610987657823501	0.70368327540107	0.00623735213694311	-0.0717794359762475	-0.0242222992963954	-0.113888421928234	0.0836626464032786	-0.0630581210468858	-0.446681910273072	0.186643340875448	0.0325278334296834	0.26160302685182	0.221485927302831	-3.5023753830846	-0.571260059484855	-0.283890475771656	-2.75255176889671	-0.0921094608652155	-0.629035964307968	-0.477272171568059	-0.478440186382369	0.0820394044647587	0.301687932405159	0.214632912114113	-3.86196368650959	0.0771928739857152	-0.553453828418587	-0.251174133163888	-0.0162797449993607	-3.59733819663039	0.37638390940463	0.340220789960227	0.280128486475669	-0.162110256774941	0.0815188126295399	-0.130930359417515	-4.26574986825047	0.387932336389753	0.00288277899094443
CD8_1	0.351561765444086	-3.18795432523544	0.335789253995953	-2.81639245777437	-2.69991321550446	0.438189577433079	0.176842934605526	0.390625031712237	0.764564348957223	0.180784921947743	0.0170840192826223	0.685791501719895	0.413510356216356	0.0975463757356026	-3.96697909335952	0.845944420465078	-3.36403346108294	0.944314132644208	0.0516558697856044	-0.0888773114103081	-3.12996757381481	-0.167207411440082	-4.04600882366428	0.125824928094518	-3.82265549671974	-2.431163794495	-0.378941346203653	-0.0708305128558703	-0.0467174129275215	1.26795352029705	0.0390348111275381	-0.0669088746039929	-0.062006617103903	0.450381822967745	0.0226168175812901	0.127632220290951	-0.405285343943364	-0.249047329874815	-0.123352435917999	-3.47517843809743	0.30866386851455	-2.93810513818862	-0.050455290679588	-4.5647244750525	-2.18828152400073	-3.5278826432461	-0.365774001980353	-0.0811240025965691	-0.229758147535926	0.119501304041641	-3.61117755365999	0.289885124329041	0.702349985663248	0.34045483631333	0.107724258061896	0.0420306836834963	0.158824736821088	1.26798375811082	-3.83750433426408	-3.57264469610492	0.306010625148059	-0.194435485777944	-0.0169678030644925	-0.185107985572029	-3.70147962335449	0.216252949849614	0.156980454518352
CD8_2	0.134771888441865	0.207120479364944	0.100566083746301	0.578682346826017	0.695161589095927	0.238985102404427	0.138605351793151	0.218573117332622	0.180784921947743	0.399723282361783	0.0811108034156256	0.557938343247198	0.297560988886719	-0.0303038874984539	0.273156528140835	0.240975797788603	0.508133647201712	-3.66069791730913	0.154048825043259	0.0843007924289942	-3.73493619649129	-0.144070123885482	0.303269888566	0.0633298125216555	-0.126572409550988	-3.03613241717147	0.203602630171997	0.324161780113897	-4.65172946288086	-3.33705852965629	-0.118781363917135	-0.0183692490384242	-0.0471919824985775	0.322505503975531	0.00769559058529644	0.107952404614679	-0.107170313029714	0.100187955078608	-0.154297752806193	0.396988670187221	-0.296304754161925	-3.5430737608651	-0.0151011844411852	0.0607583783152061	-2.79325014667721	-0.132807838645711	-0.125681807756865	-0.0233354115592186	-0.135757555501636	0.131150644455538	0.482832513802339	0.0370970091534282	0.0973813629867736	0.212578517321116	0.00789964223457691	0.099817626813537	0.0979237707322703	0.663015135434342	0.159597891613739	0.299522412179732	0.293114834765231	-0.176156472506567	-0.0292848267712846	0.145195109163664	-4.30644824603097	0.05497873811287	0.0493343575892554
CD8_3	-0.827253618627539	-3.11153821874021	0.0722580355447298	-2.73997635127913	-2.62349710900922	0.0752764446838091	0.00338262345644869	-0.422251108020185	0.0170840192826223	0.0811108034156256	1.815021756641	0.0632723453531968	-0.288215740002288	0.0190623834845619	-3.89056298686428	-3.07768290031655	-3.2876173545877	-2.97931318813742	-0.308618785349859	-0.915513193277246	-3.05355146731958	0.00386927366659933	-3.96959271716905	-0.0464000311273632	0.253804037052361	-2.35474768799976	-0.399433081292919	-3.9944578336375	-3.97034473370915	-2.65567380048458	-0.58348434523916	-0.202680204656699	-0.462697289328129	0.827806212031347	0.0124866113267725	-0.0591920112898639	-0.261923481835991	-4.17267465065644	-0.171871447015933	0.601281095674673	0.385079975009788	-2.86168903169339	-0.211398437619662	0.210670321581535	-2.11186541750549	-3.45146653675086	-0.289357895485115	-0.22655611930141	-0.228592806724388	0.0965330322087798	1.50663518610719	-0.712840207052086	-3.22127733511838	0.416870942808568	-0.213786615736438	0.118446790178734	-0.0657886094805706	1.04339158203769	0.238955199508019	-3.49622858960968	-0.0568990530743405	0.0723115483682864	-0.122891257508769	-0.377534327920737	1.41633311641268	-0.661534851285046	-0.435598845795888
CD8_4	-0.380389095367942	-2.66467369548061	0.411912969162776	-2.29311182801954	-2.17663258574963	0.698230417457596	0.040076473049146	0.422546909608222	0.685791501719895	0.557938343247198	0.0632723453531968	1.41318885697497	0.597974567974947	-0.0781256275874404	-3.44369846360468	-2.63081837705695	-2.8407528313281	-2.53244866487782	-0.1347530007938	-0.468648670017649	-2.60668694405998	-0.137376481008498	-3.52272819390945	0.262162534236642	-3.2993748669649	-1.90788316474016	-0.0775036756264937	0.452450116898965	-3.52348021044955	-2.20880927722498	-0.136619821979563	-0.357874369844875	-0.316841048636896	-3.02638097455428	0.124821627542979	0.132401937049112	-0.359111492907993	-3.72581012739684	-0.202099227440597	-2.95189780834259	-3.16809892900748	-2.41482450843379	-0.504878837786771	-4.04144384529767	-1.6650008942459	-3.00460201349126	-3.84253679950238	-0.997155142116364	-0.747860332744775	-0.155567485544677	-3.08789692390515	0.0350325987758748	-2.77441281185878	-3.1363079612087	-4.06797380232207	0.234321403272581	-0.179588530011851	-2.50978732197957	-3.31422370450925	-3.04936406635008	0.486873311769761	-0.0690916075150329	-0.435685609945242	-0.17370320028367	-3.17819899359966	0.739533579604449	0.233108636641385
CD8_5	-0.129825332289768	-3.61818920211353	0.13963732464291	-3.24662733465245	-3.13014809238254	0.31874352454457	0.0865553826739048	0.332350515096196	0.413510356216356	0.297560988886719	-0.288215740002288	0.597974567974947	0.460395527687726	0.114466738325586	0.0799217607235246	-3.58433388368987	-3.79426833796102	0.514079255766126	-0.0468807573994106	-0.121175436796467	-3.5602024506929	-0.104069241366462	0.000892030418755852	0.342570684781766	0.349180474956473	-2.86139867137308	0.0103603426992438	0.197869873127984	-0.476952289805604	0.837718643418967	-0.135931420982583	-0.0678574126662043	-0.156453289525904	-3.9798964811872	0.0650781693278432	-0.0287255225342501	-0.572282076114205	0.223769781609278	-0.310553917173551	-3.90541331497551	-4.12161443564039	-3.36834001506671	-0.528994578220732	-4.99495935193058	-2.61851640087881	-3.95811752012418	-0.495000596290071	-0.425646907693446	-0.56308320881213	0.172917886110626	0.435723300423056	0.122890037181277	0.57312339135353	0.609155222297185	-0.720437599109759	-0.0457830916173842	0.126529542894467	0.837748881232735	0.20939651981896	0.298172136862227	0.378448400187924	-0.126361290977634	0.102150070267125	-0.0760760765977628	0.169337209612649	0.388074445203944	0.0857657753577099
CD8_6	0.248811954506375	-3.55394447424921	0.129022248324654	0.817660820488728	-3.06590336451822	-0.191040361311003	0.125246043667035	0.113056527412041	0.0975463757356026	-0.0303038874984539	0.0190623834845619	-0.0781256275874404	0.114466738325586	0.430522756722849	-0.332925815096417	0.479954271451315	0.571028099748527	-3.42171944364642	0.00737976103542144	0.0399788697833815	-3.49595772282858	-0.105828945110811	-4.41199897267805	-0.0603781937860482	0.28849008522762	-2.79715394350876	-0.0125448127021253	-0.436820661869633	-0.111699279372921	0.901963371283286	-0.724882318179798	0.0119690540567064	0.350148452456816	-3.91565175332288	-0.00799981080165531	0.0424680541667646	0.0187689163124609	-0.314029196320214	-0.0500168002141245	-3.84116858711119	0.24368200206915	-3.30409528720239	-0.0617318608350165	-0.0276192084272269	-2.55427167301449	0.106170635017	-0.254671847309855	0.111375663917896	0.0372600738909556	0.178243724447767	-3.97716770267375	0.363225366081828	0.336359836649485	-0.0255353127004326	0.29803033675306	-0.0528940372816724	0.00701568512576144	-3.39905810074817	0.0975572265673822	0.0614085821581828	0.012570535883135	-0.356306466434628	0.00747171896872234	0.141135824961922	-4.06746977236826	0.151290383772816	0.121981870099511
DC1	0.364754262553382	-2.61846560042122	0.101575951647606	-2.24690373296015	-2.13042449069024	0.364232337502554	0.387311461702309	-0.0541136072943722	-3.96697909335952	0.273156528140835	-3.89056298686428	-3.44369846360468	0.0799217607235246	-0.332925815096417	0.903561341299933	-2.58461028199756	-2.79454473626871	-2.48624056981843	0.212482375614504	0.179586846319171	-2.56047884900059	-0.0862049720901568	-3.47652009885006	0.183432797461303	-3.25316677190552	-1.86167506968078	-0.207379601683003	-3.50138521531851	-3.47727211539016	-2.16260118216559	-4.09045515419704	-0.107546943569169	-0.270632953577508	-2.9801728794949	-0.0122912304861683	0.0817011048244334	-0.0118842591395372	0.797533698623668	-0.155891132381209	-2.90568971328321	-3.12189083394809	-2.3686164133744	-0.759679025295748	-3.99523575023828	-1.61879279918651	-2.95839391843188	-3.79632870444299	0.109730967348163	-0.0732716101954992	-0.10935939048529	0.9583545984311	-0.219767588733102	-2.72820471679939	-3.09009986614931	0.279286002582546	0.0374961027094377	0.103978818482849	-2.46357922692019	-3.26801560944986	-3.00315597129069	-0.165853856032788	0.115417705177249	0.0498482698317829	0.173529461860461	0.86805252873659	0.132546049602303	0.0574737725230967
DC2	-3.52134434103769	-1.80558551387349	-4.1269405950766	-1.43402364641242	-1.31754440414251	0.478177161188349	-3.94593958952056	0.281674175569099	0.845944420465078	0.240975797788603	-3.07768290031655	-2.63081837705695	-3.58433388368987	0.479954271451315	-2.58461028199756	-1.77173019544983	-1.98166464972098	-1.6733604832707	0.122291475019507	-3.60960391568739	-1.74759876245286	0.162405000059407	-2.66364001230233	-4.08287198114419	-2.44028668535779	-1.04879498313305	0.304492202296364	1.31153829850608	-2.66439202884243	-1.34972109561786	-3.27757506764931	-0.197749243945449	0.542247132970223	-2.16729279294716	-0.138303559646539	-4.00851422426687	-3.8010750211461	-2.86672194578972	-3.34305447311034	-2.09280962673547	-2.30901074740036	-1.55573632682667	0.354209343820347	-3.18235566369055	-0.805912712638778	-2.14551383188415	-2.98344861789526	0.405985573822354	0.111227848862344	-0.141540120837522	-2.22880874229803	-3.40693092946223	-1.91532463025166	-2.27721977960158	-3.20888562071495	-3.75169465929713	-0.361853554399802	-1.65069914037246	-2.45513552290213	-2.19027588474296	-3.35301719676192	0.187952868298274	-4.17866827689242	0.38436584261438	-2.31911081199254	-3.35562557369519	-3.6067818718903
DC3	-3.73127879530884	-2.01551996814464	-0.336831622070885	-1.64395810068357	-1.52747885841366	0.569250989485561	-0.15583061651485	-3.92830370597892	-3.36403346108294	0.508133647201712	-3.2876173545877	-2.8407528313281	-3.79426833796102	0.571028099748527	-2.79454473626871	-1.98166464972098	2.41047174456216	-1.88329493754185	-0.0876429792516446	-3.81953836995854	-1.95753321672401	-0.0475294542117448	1.12646896070338	-0.292763008138483	-2.65022113962894	-1.2587294374042	0.0945577480252128	1.4026121268033	-2.87432648311358	-1.55965554988901	0.512533905356404	0.235762266528147	-3.66773074857779	-2.37722724721832	-0.0208805165285565	-4.21844867853803	-4.01100947541725	-3.07665640006088	-3.55298892738149	-2.30274408100663	-2.51894520167151	-1.76567078109782	-0.156733393019168	-3.3922901179617	-1.01584716690993	-2.3554482861553	-3.19338307216641	-0.348001414780397	-4.7007774539631	0.347460687753263	-2.43874319656918	0.383178043543478	-2.12525908452281	-2.48715423387273	-3.4188200749861	-3.96162911356828	0.382415898958944	-1.86063359464361	-2.66506997717328	-2.40021033901411	-3.56295165103307	-4.3230332958181	-0.388559303886708	-4.126620321502	-2.52904526626369	-3.56556002796634	-3.81671632616145
DC4	-3.42297462885856	-1.70721580169436	-4.02857088289746	-1.33565393423329	-1.21917469196338	-3.42349655390938	-3.84756987734143	-3.61999953952863	0.944314132644208	-3.66069791730913	-2.97931318813742	-2.53244866487782	0.514079255766126	-3.42171944364642	-2.48624056981843	-1.6733604832707	-1.88329493754185	-1.57499077109157	-0.0803470953697261	-3.51123420350826	-1.64922905027373	-0.078041705757707	-2.5652703001232	0.0155411583117994	-2.34191697317866	-0.950425270953915	0.703870197043859	-2.59013541659165	-2.5660223166633	-1.25135138343873	-3.17920535547018	0.0467460222717088	0.640616845149353	-2.06892308076803	-0.0136050684111792	-3.91014451208774	-3.70270530896697	-2.76835223361059	-3.24468476093121	-1.99443991455634	-2.21064103522123	-1.45736661464754	-3.84847265384575	-3.08398595151142	-0.707543000459647	-2.04714411970501	-2.88507890571613	0.358229731963458	-0.392429860235958	0.257837873909973	-2.1304390301189	-3.3085612172831	-1.81695491807253	-2.17885006742245	-3.11051590853582	-3.653324947118	0.435451420641265	-1.55232942819332	-2.356765810723	-2.09190617256383	-3.25464748458279	-4.01472912936782	0.220753145131938	0.181727272225147	-2.22074109981341	-3.25725586151606	0.491631267565698
E1	0.025868611574907	0.264520177711745	0.0964573422808377	0.459998024056921	0.576477266326831	0.0155868602019433	0.063671044838153	-0.021595228163671	0.0516558697856044	0.154048825043259	-0.308618785349859	-0.1347530007938	-0.0468807573994106	0.00737976103542144	0.212482375614504	0.122291475019507	-0.0876429792516446	-0.0803470953697261	0.799816017268905	0.438211057329231	0.447442046725547	-0.304691783693965	0.105424102664357	0.0125252360349209	-0.245245876179379	-3.45582502250893	0.0933186646734484	0.226686194651289	-0.293263579653628	-3.75675113499375	-0.253239734371106	-0.191823663565285	-0.0323167823084055	-0.273271122477826	0.0575372244448776	0.139550305908934	-0.316009901044068	0.0484693776323445	-0.106630848968249	0.454407668795398	0.363144078376981	-3.96276636620256	-0.0154157125785559	-0.209172651798259	-3.21294275201467	-0.0754081402989103	-0.186355960283196	-0.0339039460125105	-0.171961325138498	0.103632850237869	-0.158703050712796	0.149827330566397	-0.322311242350686	0.160854425199359	-0.124552565308882	-0.17195251668073	0.0453206412889453	-0.0576857524714811	-0.0170613181011898	-0.120170193157728	-0.0357705471142412	-0.26245006611202	0.0517915133120453	-0.255529673668867	-0.124070002814134	0.00819713466278198	0.119727316438095
E2	0.145933274212794	0.356584193165811	0.14912937106523	-3.27189736664998	-3.15541812438007	-0.037518623528118	0.0422621411429394	-0.0938434764817724	-0.0888773114103081	0.0843007924289942	-0.915513193277246	-0.468648670017649	-0.121175436796467	0.0399788697833815	0.179586846319171	-3.60960391568739	-3.81953836995854	-3.51123420350826	0.438211057329231	1.18193206512481	1.11350620744838	-0.290013142194274	-0.200462022694666	0.0137532548551025	0.198975325365776	-2.88666870337061	-0.00194475084097137	0.318725395168485	-0.502222321803129	-3.18759481585542	-0.513377939332573	-0.221383921034724	-0.0915473175562468	-0.00512308590786273	-0.0240537561680479	0.287151283199843	-0.0368876643208526	-0.10252481747299	-0.402769704783211	-3.93068334697304	-0.146841040361058	-3.39361004706423	0.197555599166978	-0.175125139751284	-2.64378643287634	-3.98338755212171	-0.219251489578528	0.221318301068809	0.0812165723879289	0.0248645354250206	-4.06668246253559	-0.165619784546567	0.547853359356005	0.362042231121983	-0.0925120060457502	-0.267347016736731	-0.00664582516595506	0.812478849235209	0.184126487821434	-4.02814960498052	0.0878649697077637	-0.180119814050651	0.187578256959911	-0.23604433154863	-0.15694110495324	-0.114314428779526	0.123547305706422
E3	0.502830519236147	-1.78145408087652	-0.102765734802762	-1.40989221341545	-1.29341297114554	0.50230859418532	-3.92180815652359	0.305805608566069	-3.12996757381481	-3.73493619649129	-3.05355146731958	-2.60668694405998	-3.5602024506929	-3.49595772282858	-2.56047884900059	-1.74759876245286	-1.95753321672401	-1.64922905027373	0.447442046725547	1.11350620744838	-1.72346732945589	-0.23942928330504	-2.63950857930536	-0.0586971208703605	-2.41615525236082	-1.02466355013607	-3.67141979198353	-2.66437369577381	-2.64026059584546	-1.32558966262089	-3.25344363465234	-0.57154479124205	-3.43366486130967	-2.14316135995019	0.225774461552358	0.0156606360069597	-3.77694358814913	1.15745291448411	-3.31892304011337	-2.0686781937385	-2.28487931440339	-1.5316048938297	-3.92271093302791	-3.15822423069358	-0.781781279641807	-2.12138239888717	-2.95931718489829	-4.4149872373575	-0.466668139418118	-4.11745211511741	-2.20467730930106	-3.38279949646526	-1.89119319725469	-2.25308834660461	-3.18475418771798	0.272480200976707	-0.337722121402831	-1.62656770737548	-2.43100408990516	-2.16614445174599	0.972165946080277	-0.0889239812731191	-0.154493416618585	-3.89255443423388	-2.29497937899557	-3.33149414069822	0.417392988383538
M1	-0.299969150510019	-0.210266736360496	-0.114531671926177	-0.880058074894494	-4.76362225990145	-0.104621202234606	-0.142329993034443	-0.0988673553956527	-0.167207411440082	-0.144070123885482	0.00386927366659933	-0.137376481008498	-0.104069241366462	-0.105828945110811	-0.0862049720901568	0.162405000059407	-0.0475294542117448	-0.078041705757707	-0.304691783693965	-0.290013142194274	-0.23942928330504	0.240039293808644	-0.155474876072789	-0.0258403865961446	-0.223605765317738	-0.0177371079308616	-0.029694770844587	-0.356431010322542	0.0909275128601797	-0.494747241531573	0.198033604086668	-0.134203212694186	-0.309481489182665	0.00987967572504704	-0.0964948753678812	-0.261467453831962	-0.218175131070026	-0.312799367254398	-0.45267239488509	-0.49749084922248	-0.357146857312807	-0.0987187669465712	-0.169943745900333	0.0599863915479848	-4.25199056839772	0.0518619758748947	-0.265173320407892	-0.210060012469536	-0.106268035239428	-0.14174597436724	-0.352665235259014	-0.128732833678036	-0.361398143087495	-0.11051271938724	-0.132519112548825	0.0703372381771416	-0.0990442931400416	-0.397798305992596	0.0578284909064482	-0.0235688245286246	-0.133513967702812	0.273523780038543	-0.0717131042940206	-0.0944197856266203	0.034152571057875	-0.0375272223143269	-0.155232581384811
M10	0.43185008628664	-2.69749533072599	-0.115754996290057	-2.32593346326492	1.79058920628186	-0.112724373095787	0.116397928533699	-0.309227358715038	-4.04600882366428	0.303269888566	-3.96959271716905	-3.52272819390945	0.000892030418755852	-4.41199897267805	-3.47652009885006	-2.66364001230233	1.12646896070338	-2.5652703001232	0.105424102664357	-0.200462022694666	-2.63950857930536	-0.155474876072789	1.04652101939946	0.0252225449264105	-3.33219650221029	-1.94070479998555	0.190697446731692	0.896720785337844	-3.55630184569493	-2.24163091247036	0.131566825343419	0.170404118630767	-0.349662683882277	-3.05920260979966	-0.0640740646499173	0.213522651901398	-0.391933128153375	0.542419947203002	0.242171440998283	1.01532398368889	1.10013114559237	1.55239728359769	-0.361616451916256	-0.0742220532661858	-1.69782252949128	-3.03742364873665	0.124684992529101	-0.126905790219018	-0.268806123523679	0.308931289916662	-3.12071855915053	0.00221096353049357	-2.80723444710416	0.830913830822784	-4.10079543756745	-0.166468745188503	0.314396099305114	-2.54260895722496	-3.34704533975463	-3.08218570159546	-0.244883586337557	-0.00500431547634806	0.230454073386043	0.0365085600934792	-3.21102062884504	0.053516319297534	-4.4986916887428
M11	0.070604403127658	0.360408431393271	0.0375889528024376	0.254877995170082	-3.62868618983687	0.319280598441257	0.0284761588158393	0.339705005603909	0.125824928094518	0.0633298125216555	-0.0464000311273632	0.262162534236642	0.342570684781766	-0.0603781937860482	0.183432797461303	-4.08287198114419	-0.292763008138483	0.0155411583117994	0.0125252360349209	0.0137532548551025	-0.0586971208703605	-0.0258403865961446	0.0252225449264105	0.460899316124949	0.202818863854611	-3.35993676882741	0.123641079519642	-0.0453995795583818	-0.49839808357567	0.816272849648901	-0.0572366589665817	-0.00538137547294169	-0.0613670523460933	-0.1773828687963	0.0294790049202527	-0.0943464697268303	-0.697241788509466	0.100892155223158	-0.122716064427615	-4.40395141242984	0.158005955469969	-3.86687811252103	-0.54197997290355	-0.317403295042335	-3.11705449833314	-4.45665561757851	-0.692519555035329	-0.562739453203059	-0.592469502760752	-0.0411054595143548	-0.238898818147167	0.133186245244418	-4.22646641594602	0.55776957247466	-0.40608071338854	-0.108593453003008	0.00365493368424678	0.515294804894305	0.347669384424282	0.452829664469434	0.369265175155001	0.0150922245141848	0.177642983699825	-0.0724913117578188	-0.0281817491326084	0.159308091511507	0.135155170229992
M12	0.111150878899586	-2.47414200378144	0.107598330654488	-2.10258013632037	-1.98610089405046	-0.190379328719606	0.163662409136175	-4.38692574161572	-3.82265549671974	-0.126572409550988	0.253804037052361	-3.2993748669649	0.349180474956473	0.28849008522762	-3.25316677190552	-2.44028668535779	-2.65022113962894	-2.34191697317866	-0.245245876179379	0.198975325365776	-2.41615525236082	-0.223605765317738	-3.33219650221029	0.202818863854611	1.19220853457949	-1.717351473041	0.237963133665842	-3.35706161867873	-3.33294851875039	-2.01827758552581	-3.94613155755726	0.495413794008621	0.572625905924205	-2.83584928285512	-0.211641507733093	-0.0749998656205332	-0.168579801208829	0.464764991579184	-4.0116109630183	-2.76136611664343	-2.97756723730831	-2.22429281673462	-0.138263124971711	-3.8509121535985	-1.47446920254673	-2.8140703217921	-3.65200510780322	-0.505604311708132	-0.858347779754679	-0.333004307061216	-2.89736523220599	-4.07548741937019	-2.58388112015962	-2.94577626950953	-3.8774421106229	-4.42025114920508	0.0834932214361522	-2.31925563028041	-3.12369201281008	-2.85883237465092	0.279478023175352	-0.480603621609681	0.453807400330589	0.259861887038024	-2.9876673019005	0.276869646242079	0.0257133480469764
M13	-2.7984091287209	-1.0826503015567	-3.40400538275981	-0.711088434095632	-0.594609191825722	-2.79893105377173	0.777039050073087	-2.99543403939098	-2.431163794495	-3.03613241717147	-2.35474768799976	-1.90788316474016	-2.86139867137308	-2.79715394350876	-1.86167506968078	-1.04879498313305	-1.2587294374042	-0.950425270953915	-3.45582502250893	-2.88666870337061	-1.02466355013607	-0.0177371079308616	-1.94070479998555	-3.35993676882741	-1.717351473041	-0.32585977081626	1.02742741461315	-1.96556991645399	-1.94145681652564	-0.626785883301074	-2.55463985533252	0.303343009193661	-2.73486108198985	-1.44435758063038	0.0794876458210918	-3.28557901195009	-3.07813980882932	-2.14378673347294	-2.62011926079355	-1.36987441441869	-1.58607553508357	-0.832801114509885	-3.22390715370809	-2.45942045137376	-0.0829775003219917	-1.42257861956736	-2.26051340557848	-3.71618345803769	0.232135639901697	-3.4186483357976	-1.50587352998125	-2.68399571714545	-1.19238941793487	-1.55428456728479	-2.48595040839816	-3.02875944698034	-3.63896176935988	-0.92776392805567	-1.73220031058534	-1.46734067242618	-2.63008198444513	-3.39016362923017	-3.45573306457563	-3.19375065491406	-1.59617559967576	-2.63269036137841	-2.88384665957351
M2	0.0461977242136017	-3.72940654340416	-0.0295719119237293	-3.35784467594308	-3.24136543367317	0.059464039868861	0.0796298755647386	0.0567805916856829	-0.378941346203653	0.203602630171997	-0.399433081292919	-0.0775036756264937	0.0103603426992438	-0.0125448127021253	-0.207379601683003	0.304492202296364	0.0945577480252128	0.703870197043859	0.0933186646734484	-0.00194475084097137	-3.67141979198353	-0.029694770844587	0.190697446731692	0.123641079519642	0.237963133665842	1.02742741461315	0.550889754325911	0.387678184621658	-0.111077327411974	-3.27354212514853	-0.356291853003148	0.126394356155731	0.0497480488167829	-4.09111382247783	-0.0858346246605347	-0.0458439646066174	-0.382471395793222	-0.0915642851815919	-0.0364240265968243	-0.0165872289892783	0.369239071623269	0.520486070919525	-0.114787777963579	-0.151929358314455	-2.72973374216944	-4.06933486141481	-0.20829095728713	-0.0864776659265155	-0.210543775132727	0.064929512549452	-4.1526297718287	0.0671897868535909	-3.83914565978233	-4.20104080913225	-0.0535217850923881	-0.107312790993514	0.150444794915623	-3.57452016990312	-0.077904842587568	-0.114053486996767	0.00191766041465804	-0.117841255455497	0.29371021508807	0.132621418853346	-0.242888414246345	-0.325199268319099	0.0134663837689177
M3	-4.43811927435863	1.57869126265079	0.132378625945033	-2.35079857973337	-2.23431933746346	-0.137589489564235	0.0915328120652511	0.0638345051100871	-0.0708305128558703	0.324161780113897	-3.9944578336375	0.452450116898965	0.197869873127984	-0.436820661869633	-3.50138521531851	1.31153829850608	1.4026121268033	-2.59013541659165	0.226686194651289	0.318725395168485	-2.66437369577381	-0.356431010322542	0.896720785337844	-0.0453995795583818	-3.35706161867873	-1.96556991645399	0.387678184621658	1.29781535354731	-3.58116696216338	-2.26649602893881	0.282785729990868	0.416946309440345	0.470533016549238	-3.08406772626811	-0.36710603047752	-0.147130669023131	-4.71784995446705	0.818573969443623	0.041222303413938	-3.00958456005642	-3.22578568072131	-2.47251126014762	-0.386481568384704	-4.0991305970115	-1.72268764595973	-3.06228876520509	0.400828158629017	-0.0134689487918735	-0.805547084458604	0.303371242815034	0.854459751657883	0.153429868177942	-2.83209956357261	0.806048714354336	-4.1256605540359	0.109688895946617	0.469516887533756	-2.5674740736934	-3.37191045622308	0.892992609212952	0.0312595797623586	-0.0298694319447961	0.24698144467018	0.120786534354966	-3.23588574531349	0.0286512028290861	-0.222505095366017
M4	-4.41400617443028	-2.69824734726609	-0.4175315799149	-2.32668547980502	-2.21020623753511	-0.41448467220425	-0.361465691952037	-0.610987657823501	-0.0467174129275215	-4.65172946288086	-3.97034473370915	-3.52348021044955	-0.476952289805604	-0.111699279372921	-3.47727211539016	-2.66439202884243	-2.87432648311358	-2.5660223166633	-0.293263579653628	-0.502222321803129	-2.64026059584546	0.0909275128601797	-3.55630184569493	-0.49839808357567	-3.33294851875039	-1.94145681652564	-0.111077327411974	-3.58116696216338	1.44295048068807	-2.24238292901046	0.13081480880332	0.129688848145276	-4.35045812769924	-3.05995462633976	-0.193695010055881	-0.123017569094782	-0.0916660059844051	-3.75938377918232	-4.23571630650294	-2.98547146012807	-3.20167258079296	-2.44839816021927	0.201892433854455	0.226034212762079	-1.69857454603138	0.961867762000118	-3.87611045128786	0.340318278218476	0.364683969446818	-0.189141137330158	-3.12147057569063	0.00145894699039438	-2.80798646364426	0.830161814282685	-0.101504026830685	0.133801995874965	-0.140612122048492	-2.54336097376505	-3.34779735629473	-3.08293771813556	-0.245635602877656	-0.102665259300513	-0.469259261730723	0.304598992397326	0.788270781891723	0.228848323873332	-0.499400278006032
M5	0.900708186071148	-1.38357641404152	0.596120214600602	-1.01201454658045	-0.895535304310536	-3.09985716625654	-3.52393048968859	0.70368327540107	1.26795352029705	-3.33705852965629	-2.65567380048458	-2.20880927722498	0.837718643418967	0.901963371283286	-2.16260118216559	-1.34972109561786	-1.55965554988901	-1.25135138343873	-3.75675113499375	-3.18759481585542	-1.32558966262089	-0.494747241531573	-2.24163091247036	0.816272849648901	-2.01827758552581	-0.626785883301074	-3.27354212514853	-2.26649602893881	-2.24238292901046	-0.927711995785888	-2.85556596781734	0.224259855886523	0.964256232802194	-1.74528369311519	-0.318346308248226	-3.5865051244349	-3.37906592131413	-2.44471284595775	-2.92104537327837	-1.6708005269035	-1.88700164756839	-1.1337272269947	-3.52483326619291	-2.76034656385858	-0.383903612806806	-1.72350473205217	-2.56143951806329	-0.0170661432456379	-4.06883389985998	0.28046897899445	-1.80679964246606	-2.98492182963026	-1.49331553041969	-1.85521067976961	-2.78687652088298	-3.32968555946515	-3.93988788184469	-1.22869004054048	-2.03312642307016	-1.76826678491099	1.06903533034691	-3.69108974171498	-3.75665917706045	0.982458963562248	-1.89710171216057	-2.93361647386322	-3.18477277205832
M6	-0.124093797598124	-3.31143038607297	-0.155662764910549	-2.93986851861189	-2.82338927634198	-0.550575407326866	-0.247661764732083	0.00623735213694311	0.0390348111275381	-0.118781363917135	-0.58348434523916	-0.136619821979563	-0.135931420982583	-0.724882318179798	-4.09045515419704	-3.27757506764931	0.512533905356404	-3.17920535547018	-0.253239734371106	-0.513377939332573	-3.25344363465234	0.198033604086668	0.131566825343419	-0.0572366589665817	-3.94613155755726	-2.55463985533252	-0.356291853003148	0.282785729990868	0.13081480880332	-2.85556596781734	0.818641137214027	0.114623223670632	-0.0605457508670775	-3.67313766514664	-0.149301037639063	-0.152629372215984	-0.461815649168751	-4.3725668179892	-0.149920655171017	-3.59865449893495	-3.81485561959984	-3.06158119902615	-0.373502373071127	-4.68820053589002	-2.31175758483825	-3.65135870408362	-0.489250062817875	-0.291750063680828	-0.145428911490414	-0.156065325531905	-3.73465361449751	0.0414715332450512	-3.42116950245114	0.216978775475808	-0.237594761953302	0.157435486834395	-0.0164828934751272	-3.15654401257193	-3.9609803951016	-3.69612075694244	-0.381726338000273	0.294870668264382	-0.140443863902015	0.145672158403956	0.476096025653209	-0.560418736049442	-0.209531328450733
M7	0.150925530424076	0.24551090183467	-0.0204687177935662	0.286082859129992	0.0345935881841993	-0.132316119250896	0.0263200162542269	-0.0717794359762475	-0.0669088746039929	-0.0183692490384242	-0.202680204656699	-0.357874369844875	-0.0678574126662043	0.0119690540567064	-0.107546943569169	-0.197749243945449	0.235762266528147	0.0467460222717088	-0.191823663565285	-0.221383921034724	-0.57154479124205	-0.134203212694186	0.170404118630767	-0.00538137547294169	0.495413794008621	0.303343009193661	0.126394356155731	0.416946309440345	0.129688848145276	0.224259855886523	0.114623223670632	0.407962024991449	0.363658281200349	-0.447186287404755	-0.167546405420614	-0.0324525735799842	-0.26997446189695	0.220468186418068	0.265947154921756	0.373258355230776	0.392066964866286	0.273513269445673	-0.110893861409659	-0.183501434820797	-3.93091045127319	0.206611131846961	0.313157734845607	-0.086705706614799	-0.223847648455362	0.0167199645742526	-0.149683783944493	-0.0213835238485512	0.105808768884524	0.0891455765459598	-0.184663938683824	-0.103637631330443	0.127263999757162	0.224307463916232	-0.376010564548589	0.0271510315061671	-0.0580590217756281	-0.368278313592803	0.128501269971002	0.308758270049293	-0.0127431779728676	-0.130375100114024	0.0703097158577225
