B1	B2	CD4_1	CD4_2	CD4_3	CD4_4	CD45_1	CD45_2	CD8_1	CD8_2	CD8_3	CD8_4	CD8_5	CD8_6	DC1	DC2	DC3	DC4	E1	E2	E3	M1	M10	M11	M12	M13	M2	M3	M4	M5	M6	M7	M8	M9	Mo1	Mo2	Mo3	Mo4	Mo5	Mo6	Mo7	Mo8	N1	N2	N3	N4	N5	N6	N7	NK1	NK2	NKT	S	T1	T10	T11	T12	T2	T3	T4	T5	T6	T7	T8	T9	Treg1	Treg2
B1	1.93959181276613	-2.23606920071397	0.505456788396788	-2.63045143550002	-2.55407211391818	-3.73892953993041	0.452250432807852	0.11824565559334	0.713313935716697	0.837965791517962	-3.55734965666456	-2.60149097588037	0.0714175409117464	-3.91972249755319	0.44060775863694	-2.49128998729936	1.00666268608941	-2.21834528204884	-0.105673062636792	0.20719210626562	0.520549856791781	-0.502438245258491	0.505096961920763	-0.33936702356393	-3.17847021798609	-1.98434864360573	0.241312094009175	0.278708785749382	-2.519314670131	-3.18633072787607	-4.01294635527391	0.143327132728183	0.550624019311829	-3.23596446432257	0.139914464746276	0.264091933710995	0.503034689840792	0.511523914657544	-3.60219395729102	0.147507257719843	-2.82926858295347	-2.87546600899999	0.178969354401458	-3.84018177375778	-1.31610291430466	-2.94862508280795	0.413553469833316	0.169792211189516	-0.409908551687294	0.733191443455645	-2.52826827580643	1.11277352286126	-2.71886469379486	-3.28827224325524	-0.223247422350556	-0.719411691118616	-0.0204320696245821	-3.2709928446259	-3.78200500209752	-4.97352731069606	-0.707435424130466	-0.780672090340319	0.688037505312484	0.202266460617025	0.61795425265456	0.616192455829254	0.874704553679598
B2	-2.23606920071397	-0.90657887870602	0.793593904409663	-1.30096111349208	-1.22458179191024	1.59060420935439	-3.17250658009096	0.970643673917025	-1.95723916955222	-2.73563930211313	-2.22785933465662	-1.27200065387242	-2.59913556435717	-2.59023217554525	-2.53095362920034	-1.16179966529141	-1.96489870174787	-0.88885496004089	-3.77618708355195	0.235693688419466	-2.15000324847714	-4.88051895090546	-2.94357120463598	-0.0512299075510553	-1.84897989597814	-0.654858321597789	-3.63332028097083	-3.34604822714943	-1.18982434812305	-1.85684040586812	-2.68345603326596	0.308472689830931	1.10199928003195	-1.90647414231462	0.247569644791231	-3.18457623284575	-2.64461071911239	-2.9371442518992	-2.27270363528308	-2.52304584754907	-1.49977826094552	-1.54597568699204	-3.26969881215529	-2.51069145174983	0.0133874077032808	-1.6191347608	-2.73409193911986	0.0843509421433261	-3.85857671824404	0.720300537856907	-1.19877795379848	-2.15980700368509	-1.38937437178691	-1.95878192124729	-3.37089283130373	-4.08890005924947	0.0619172943209195	-1.94150252261796	-2.45251468008958	-3.64403698868811	-0.0768803649844576	-3.45122519560924	1.15223890339801	0.209578847103876	-2.05259885261436	-2.7532959123016	1.09029160994363
CD4_1	0.505456788396788	0.793593904409663	0.772433662500432	1.00123909090104	0.952683294889708	0.652419862166717	0.53622337328847	0.36092656882186	0.742894529209704	0.532692951559968	-0.226678268972572	-3.5718712980336	0.100998134404753	0.541262552947662	0.424450644482204	-3.46167030945259	0.0362823639361742	-3.18872560420207	0.0669573849829246	0.362291041003077	0.453221523000722	-0.445589685497228	0.446755117545716	-0.214423094829535	0.550128149999476	-2.95472896575897	-0.0410957656540932	0.278360931768201	-3.48969499228423	-4.1567110500293	-4.98332667742714	0.163321628132679	0.634594759968026	-0.206301359198938	0.26852298256129	0.484036538530067	0.502678219117604	0.425743879738605	-0.0954385484831362	0.0221877524665716	0.978509583457989	-3.84584633115322	0.129401416607647	-0.509510386065786	-2.2864832364579	-3.91900540496118	0.288258779516914	0.237755363672886	-0.319597642256127	0.537658093597007	-3.49864859795966	0.744445049141686	0.31079841132877	0.343418283145825	-0.126694190275034	-0.648407224290793	-0.0928749541848663	-0.241329739502274	-0.752341896973892	-0.665151746142046	-0.343370278811216	-0.42887447697246	0.188146553063401	0.169736402274184	-0.352426069498675	0.559618359510498	0.629227258654684
CD4_2	-2.63045143550002	-1.30096111349208	1.00123909090104	-1.69534334827814	-1.61896402669629	-2.80382145270853	-3.56688881487702	-3.4237819881459	-2.35162140433828	-3.13002153689919	-2.62224156944268	-1.66638288865848	-2.99351779914323	1.31643729951392	-2.9253358639864	-1.55618190007747	-2.35928093653393	-1.28323719482695	0.607589170226681	0.142319736201771	-2.54438548326319	-5.27490118569151	0.662089987854822	-4.44565556961398	-2.2433621307642	-1.04924055638385	-4.02770251575689	-3.74043046193549	-1.58420658290911	-2.25122264065418	-3.07783826805202	0.361242902676674	0.707617045245887	-2.30085637710068	0.075030369182848	0.898177263329314	-3.03899295389844	0.668516940591602	-2.66708587006914	1.08261534494173	-1.89416049573158	-1.9403579217781	0.335962380335517	-2.90507368653589	-0.380994827082778	-2.01351699558606	-3.12847417390592	-4.3100747199196	-4.2529589530301	0.803010606755109	-1.59316018858454	-2.55418923847115	-1.78375660657297	-2.35316415603335	-3.76527506608979	-4.48328229403553	0.0934947442127763	-2.33588475740402	-2.84689691487563	-4.03841922347417	-0.170254317202152	-3.8456074303953	0.280764364927687	0.593311673605645	-2.44698108740042	0.852365280189204	-3.30413405211929
CD4_3	-2.55407211391818	-1.22458179191024	0.952683294889708	-1.61896402669629	-1.54258470511445	1.27260129615018	0.810542216550049	-3.34740266656405	-2.27524208275644	0.946401211959517	-2.54586224786083	-1.59000356707664	1.08290494971548	-2.90823508874946	-2.84895654240456	-1.47980257849563	-2.28290161495209	-1.20685787324511	0.382945734204957	0.762751592115214	-2.46800616168135	-5.19852186410967	1.21556161312093	-0.36923282075527	-2.16698280918236	-0.972861234802004	0.525812536786074	0.335992286923215	-1.50782726132727	-2.17484331907234	-3.00145894647018	-0.00953022337328456	-3.21604706044913	-2.22447705551884	0.0545018491801874	0.974556584911157	-2.9626136323166	-3.25514716510342	-2.59070654848729	-2.84104876075329	-1.81778117414974	-1.86397860019626	0.713349984485724	-2.82869436495405	-0.304615505500934	-1.93713767400422	-3.05209485232408	0.544463090226939	-4.17657963144825	0.703305907221055	-1.5167808670027	-2.4778099168893	-1.70737728499113	-2.27678483445151	-3.68889574450795	-0.406859545176822	-0.733177922567556	-2.25950543582217	-2.77051759329379	-3.96203990189233	-0.394883278188673	-3.76922810881345	-3.64289974076733	-4.1084674933772	-2.37060176581857	0.928744601771048	-3.22775473053744
CD4_4	-3.73892953993041	1.59060420935439	0.652419862166717	-2.80382145270853	1.27260129615018	1.16688530801431	0.646854443490545	0.509136540695645	1.01703622219245	0.664595774309458	-3.73071967387307	1.22518243418799	0.375139827387503	0.508978333792598	0.443321762544332	-2.66466000450786	-3.46775904096432	-2.39171529925734	0.16811215962277	0.47315340104601	0.347179839583277	-0.401107604692487	0.553572799070673	-0.156191928197876	-3.35184023519459	-2.15771866081424	-0.0222339271665117	-0.149929876227083	-2.6926846873395	-3.35970074508457	-4.18631637248241	0.0411326167125399	0.298074203677433	-3.40933448153107	0.271895378390624	0.391748293091028	0.153580651516391	0.338153897449039	0.525487735345698	-4.02590618676552	-3.00263860016197	-3.04883602620849	-0.47150744152651	-4.01355179096628	-1.48947293151317	-3.12199510001645	0.240183452624811	0.194232091623292	-0.247490364439717	0.597609822631772	-2.70163829301493	0.337376084375325	-2.89223471100336	0.839409449381487	-0.271682321965888	-0.512575533312692	-0.0547553208126568	-3.44436286183441	-3.95537501930602	-0.36873883933987	-0.199571080209592	-0.352014686271391	0.427517751064159	-0.179378226368665	-3.55545919183081	0.785240381753884	0.432492087627148
CD45_1	0.452250432807852	-3.17250658009096	0.53622337328847	-3.56688881487702	0.810542216550049	0.646854443490545	0.682139978740791	0.119647563586217	0.621937373239662	0.503584331989968	0.205191654097238	0.462115072019498	0.214121599411114	0.675320317446898	0.20312301233782	0.87332434316887	0.468152287005984	0.84526076585103	0.061689277983087	0.310166872905716	0.28304774027672	-0.300109478295286	0.370285833474597	-0.199929409034718	-4.11490759736309	-2.92078602298273	-0.00162034132583265	0.0955950991205337	0.544291377768867	-0.122724679976203	-0.472248003689783	0.143595726377702	0.699351606414137	-0.172358416422701	0.280480616320672	0.362410090557005	0.319913055546854	0.328408241092944	0.160347353470777	-0.0899948587952179	-3.76570596233046	-3.81190338837698	0.107827149977749	-0.0776404629959759	-2.25254029368166	-3.88506246218494	0.361710083745561	0.224920164227004	-0.137732237636698	0.624591418032177	-3.46470565518343	0.804716770974152	-3.65530207317186	0.25242610832889	-0.145457437906722	-0.485595454019398	-0.191187518051958	-0.207386796726037	-0.417390671629291	-0.7058419930851	-0.450756334168342	-0.319211151147688	0.222089495839639	0.14500511590362	-4.3185265539993	0.28180855344442	0.564683960401686
CD45_2	0.11824565559334	0.970643673917025	0.36092656882186	-3.4237819881459	-3.34740266656405	0.509136540695645	0.119647563586217	0.667323965549656	0.220991665639187	0.317633977575627	0.126455521650686	0.605221898750622	0.278047903912115	0.400893642821706	0.492356633916442	-3.28462053994523	0.389416154559433	-3.01167583469471	0.0877642237865143	0.158152756531556	0.426154567007845	-0.137052427387398	0.255829283508156	0.189517958416637	0.727177919506837	-2.77767919625161	0.0220108185825246	0.203229680162296	-3.31264522277687	0.321390429323285	-0.806233480642919	-0.0054708683918142	0.155229132443841	0.271756692876787	0.144542825559827	0.236672177690311	-0.290295862805081	0.37140024610107	-0.395481082660035	-0.168730991241769	-3.62259913559934	0.808339169315264	-0.162068210764923	-0.0314414778493555	-2.10943346695054	-3.74195563545382	-0.379777082812558	-0.140885718757411	-0.379336515835048	0.29640710885034	-3.3215988284523	0.319442970215388	-3.51219524644073	0.219448913944118	-0.493709363034448	-0.24323751836629	-0.00783948498049214	0.53774745128252	0.123643135395406	-0.175792142741263	0.0767173670434849	-0.111646574799502	0.268286476598757	-0.0937408612634928	-4.17541972726818	0.299977367387158	0.28964867081091
CD8_1	0.713313935716697	-1.95723916955222	0.742894529209704	-2.35162140433828	-2.27524208275644	1.01703622219245	0.621937373239662	0.220991665639187	-3.00789946039842	-3.78629959295933	-3.27851962550282	-2.32266094471862	0.35024757207349	-3.64089246639145	0.41842950723032	-2.21245995613761	-3.01555899259407	-1.93951525088709	0.21454925887378	0.463745857003647	1.10038817052189	-0.550966190483479	0.306820214363043	-0.323775137109428	-2.89964018682434	-1.70551861244399	-0.0819097232627398	0.506386897643405	-2.24048463896925	-2.90750069671432	-3.73411632411216	0.19230317441151	0.653366410463177	-2.95713443316082	0.310839343584573	0.241899207269172	0.605780699886639	0.48933118821572	-3.32336392612928	0.426337288881587	-2.55043855179172	-2.59663597783824	0.378619587137311	-3.56135174259603	-1.03727288314292	-2.6697950516462	-3.78475222996606	0.355868586818219	-0.0641327649134145	0.710993453005776	-2.24943824464468	0.789576132745573	1.56000876464375	-3.00944221209349	-0.421509694873072	-0.838508640250445	-0.18712284077916	-2.99216281346416	-3.50317497093578	-0.69465385225745	-0.826532373262295	-4.50188548645544	0.101578612551805	-0.142146180880389	-3.10325914346056	0.196087224129062	0.73856658195937
CD8_2	0.837965791517962	-2.73563930211313	0.532692951559968	-3.13002153689919	0.946401211959517	0.664595774309458	0.503584331989968	0.317633977575627	-3.78629959295933	0.882459856870929	-4.05691975806373	-3.10106107727953	0.474899427874756	0.425811645224467	0.338964637531347	-2.99086008869852	0.68317660580614	-2.717915383448	-0.00318642989625249	0.304217478765436	-3.97906367188425	-0.322189369984332	0.268765005228839	0.0541651980018287	0.322003107891608	-2.4839187450049	0.322949842590405	0.272050931834627	-3.01888477153016	-3.68590082927523	-0.512473029396212	0.0770989858871436	0.314292062619905	0.565517144123494	0.0936621406471296	0.384305089593629	-0.473627715242635	0.534827491824649	0.500306789864105	-4.35210627095619	-3.32883868435263	0.625007316877711	0.0151874574583732	-4.33975187515694	-1.81567301570383	-3.44819518420711	-0.262100652681747	0.0813225423604143	-0.272662123320153	0.581393653515811	-3.02783837720559	0.789291061472491	-3.21843479519402	0.689293386306722	-0.245705919804085	-0.47080090026541	-0.0320909892051062	0.229480481251795	0.0194766063485404	-0.393912546941995	-0.0194929264775081	-0.280281276093243	0.168264111827728	0.136350614011869	-3.88165927602147	0.621766361279243	0.516462677103386
CD8_3	-3.55734965666456	-2.22785933465662	-0.226678268972572	-2.62224156944268	-2.54586224786083	-3.73071967387307	0.205191654097238	0.126455521650686	-3.27851962550282	-4.05691975806373	2.0306449488883	-2.59328110982302	0.380635689537456	0.38953907834938	0.147809342125922	-2.48308012124201	-3.28617915769847	-2.21013541599149	0.181288347204694	-0.307471706243305	-3.47128370442774	0.0103884639861541	-4.26485166058658	-0.372549447855412	-3.17026035192874	-1.97613877754839	-0.255622046782634	0.0316500070387672	-2.51110480407365	0.821922565458141	-0.00469306193970004	0.00421772255722462	0.257811127765607	1.07329711158001	-0.0456952066324502	0.44839064611041	0.0341522522138775	0.218711023111322	-3.59398409123368	0.456725406345553	-2.82105871689612	-2.86725614294264	-0.590935840829024	-3.83197190770043	-1.30789304824732	-2.9404152167506	-4.05537239507046	0.12475678316623	0.0505943018495448	-0.299971635525329	-2.52005840974908	-3.48108745963569	-2.71065482773751	-3.28006237719789	-0.090102438700038	0.0669421871654537	-0.338557146744312	-3.26278297856856	-3.77379513604017	-0.488181713677587	-0.194081551223965	-0.471453941714609	0.131981205050974	-0.111740693200481	1.830243388423	-4.0745763682522	0.0700194365613991
CD8_4	-2.60149097588037	-1.27200065387242	-3.5718712980336	-1.66638288865848	-1.59000356707664	1.22518243418799	0.462115072019498	0.605221898750622	-2.32266094471862	-3.10106107727953	-2.59328110982302	-1.63742242903882	1.51257839143755	-2.95565395071165	-2.89637540436674	-1.52722144045782	-2.33032047691427	-1.25427673520729	0.460461989835941	0.171280195821427	-2.51542502364354	-0.204544092799925	-3.30899297980238	-0.115643400149094	-2.21440167114455	-1.02028009676419	0.00130137113962608	0.589581707529391	-1.55524612328946	-2.22226218103453	-3.04887780843237	0.0222307130904196	-3.26346592241132	-2.27189591748102	0.308107554302743	0.751053701833073	-3.01003249427879	-3.3025660270656	-2.63812541044948	-2.88846762271548	-1.86520003611192	-1.91139746215844	-3.63512058732169	-2.87611322691623	-0.352034367463122	-1.9845565359664	-3.09951371428627	0.41786442983886	-4.22399849341044	0.655887045258868	-1.56419972896489	-2.52522877885149	-1.75479614695332	-2.32420369641369	-3.73631460647014	-0.45427840713901	-0.780596784529744	-2.30692429778436	-2.81793645525598	-4.00945876385451	-0.141293857582496	0.183396456501223	0.309724824547343	-4.15588635533939	-2.41802062778076	-3.118717687468	0.724869834777232
CD8_5	0.0714175409117464	-2.59913556435717	0.100998134404753	-2.99351779914323	1.08290494971548	0.375139827387503	0.214121599411114	0.278047903912115	0.35024757207349	0.474899427874756	0.380635689537456	1.51257839143755	0.310378598545973	0.4161898289424	0.25362541610963	-2.85435635094256	-3.65745538739902	-2.58141164569204	0.174709894314876	0.0202162778569744	0.157483493148575	-0.135324915234612	0.594323585757049	0.200653145187276	0.935599149331828	-2.34741500724894	0.230426740517187	0.240150973906661	-2.8823810337742	-3.54939709151927	-4.37601271891712	-0.0261574536626425	0.409403510027036	-3.59903082796577	0.0735128614575792	0.268998219273699	-0.337123977486675	0.449483927602874	0.0347831063426318	-0.215559105923363	0.807708480680189	-3.23853237264319	-0.0591600821674004	0.273887593560139	-1.67916927794787	-3.31169144645115	-4.42664862477101	-0.307217003653726	-0.706029159718365	0.282975342772618	-2.89133463944963	-3.85236368933624	-3.08193105743806	-3.65133860689844	-0.46137866840059	-0.237387459710741	0.0683164262938842	0.365984219007755	0.332064365220397	-0.160499519996686	0.105581364538152	0.0023492565102133	0.0964931798065031	-0.0516558931700486	-3.74515553826551	0.156218250601544	0.242795741192446
CD8_6	-3.91972249755319	-2.59023217554525	0.541262552947662	1.31643729951392	-2.90823508874946	0.508978333792598	0.675320317446898	0.400893642821706	-3.64089246639145	0.425811645224467	0.38953907834938	-2.95565395071165	0.4161898289424	0.0271662374607508	0.262528804921554	-2.84545296213064	-3.6485519985871	-2.57250825688012	-0.158808213260217	0.0705122202231533	-3.83365654531636	-0.16972039179976	-0.150088770514087	0.0132621708642228	-3.53263319281737	-2.33851161843702	0.174389516971893	-0.126606108349622	-2.87347764496228	-3.54049370270735	-4.36710933010519	0.156289879698445	0.62242525290381	-3.59012743915385	0.251133770237189	0.210955335468249	0.516840228225212	-0.0187267001841346	-3.95635693212231	-4.2066991443883	0.816611869492113	-3.22962898383127	-0.175193620429825	0.106706961256166	-1.67026588913595	-3.30278805763923	-0.116693526113864	0.0239045424583858	-0.0950704326920966	0.379028468624363	-2.88243125063771	1.00164394365251	-3.07302766862614	0.357608209190345	-0.209441883966136	-0.281190261306743	-0.174591930400617	-3.62515581945718	-4.1361679769288	-0.327685942604235	-0.204273381961376	-0.289774248271639	0.246724793441381	0.0443973789075633	-3.73625214945359	0.466146206498211	0.360842220734304
DC1	0.44060775863694	-2.53095362920034	0.424450644482204	-2.9253358639864	-2.84895654240456	0.443321762544332	0.20312301233782	0.492356633916442	0.41842950723032	0.338964637531347	0.147809342125922	-2.89637540436674	0.25362541610963	0.262528804921554	1.09994653814906	-2.78617441578574	1.0127973963121	-2.51322971053521	0.143507451143607	0.283374292613829	0.526673710873769	-0.418533514746091	0.793783769120062	0.0403560934934526	-3.47335464647246	-2.27923307209211	0.233668063316799	0.609361761851767	-2.81419909861737	-3.48121515636244	-0.307787356483423	0.149472402444119	0.591527795281533	-3.53084889280894	-0.0980652190722474	0.49208118379089	-4.26898546960671	0.66893247365066	-3.8970783857774	0.15363111180183	-3.12415301143984	0.829692989790501	0.0601737722571511	-4.13506620224415	-1.61098734279104	-3.24350951129432	0.118669041346939	0.27284678915984	-0.403766603585133	0.374638246792967	-2.8231527042928	0.817889094374885	-3.01374912228123	-3.58315667174161	-0.296288891659257	-0.868170565566966	0.0285930458033426	0.735174436732948	-4.0768894305839	-1.26836831190557	-0.144994835616469	-0.598464215142435	0.196859559713162	0.218630134898271	-3.67697360310868	0.224400185758374	0.766905599303412
DC2	-2.49128998729936	-1.16179966529141	-3.46167030945259	-1.55618190007747	-1.47980257849563	-2.66466000450786	0.87332434316887	-3.28462053994523	-2.21245995613761	-2.99086008869852	-2.48308012124201	-1.52722144045782	-2.85435635094256	-2.84545296213064	-2.78617441578574	-1.41702045187681	-2.22011948833327	-1.14407574662628	-4.03140787013735	0.281481184402436	-2.40522403506253	0.143016149216396	-3.19879199122138	0.170641609547811	-2.10420068256354	-0.910079108183183	-3.88854106755623	0.398774413542036	-1.44504513470845	-2.11206119245352	-2.93867681985136	-0.0436559383389672	-3.15326493383031	-2.16169492890001	-0.18373516291006	-3.43979701943114	-2.89983150569778	-3.1923650384846	-2.52792442186847	-2.77826663413447	-1.75499904753092	-1.80119647357743	-3.52491959874068	-2.76591223833523	-0.241833378882113	-1.87435554738539	-2.98931272570526	-0.170869844442068	-4.11379750482943	0.766088033839876	-1.45399874038388	-2.41502779027048	-1.64459515837231	-2.21400270783268	-3.62611361788913	-4.34412084583486	0.0285394669132015	-2.19672330920335	-2.70773546667497	-3.8992577752735	-0.332101151569851	0.293597445082232	-3.58011761414851	-0.0456419394815181	-2.30781963919975	0.991526728389869	-3.16497260391862
DC3	1.00666268608941	-1.96489870174787	0.0362823639361742	-2.35928093653393	-2.28290161495209	-3.46775904096432	0.468152287005984	0.389416154559433	-3.01555899259407	0.68317660580614	-3.28617915769847	-2.33032047691427	-3.65745538739902	-3.6485519985871	1.0127973963121	-2.22011948833327	1.57885232376457	-1.94717478308274	0.279439786426968	0.353424592443327	-3.20832307151899	-0.231267746292399	0.901204387961204	-0.15534582296301	-2.90729971902	-1.71317814463964	-0.214504373051563	0.373790438373405	-2.24814417116491	-2.91516022890998	-3.74177585630782	0.0135736721138321	0.0436794569900933	-2.96479396535647	-0.208701044058517	0.660199359751435	-3.70293054215424	0.481671656020069	-3.33102345832493	0.7196860392543	1.44194534328949	-2.60429551003389	0.149117095763983	0.431032152485178	-1.04493241533857	-2.67745458384185	0.207631665115148	0.488387187288164	-0.0138011256468533	0.56503270317723	-2.25709777684034	-3.21812682672694	-2.44769419482876	-3.01710174428914	-0.12816094450036	-0.846168172446096	-0.0755965138355653	-2.99982234565981	-3.51083450313143	-4.70235681172996	-0.533172766748878	-0.509501591374226	-0.383173223328107	0.105462931691921	-3.11091867565621	0.665519995617671	0.730907049763718
DC4	-2.21834528204884	-0.88885496004089	-3.18872560420207	-1.28323719482695	-1.20685787324511	-2.39171529925734	0.84526076585103	-3.01167583469471	-1.93951525088709	-2.717915383448	-2.21013541599149	-1.25427673520729	-2.58141164569204	-2.57250825688012	-2.51322971053521	-1.14407574662628	-1.94717478308274	-0.87113104137576	0.241580262390041	0.855445028362028	-2.13227932981201	-0.561743322395099	-2.92584728597085	-4.03354941616279	-1.83125597731301	-0.637134402932659	-3.6155963623057	-3.3283243084843	-1.17210042945792	-1.83911648720299	-2.66573211460083	0.104353649318384	-2.88032022857979	-1.88875022364949	0.0892095423404634	1.13419939566461	1.67416490939797	-2.91942033323407	-2.25497971661795	-2.50532192888394	-1.48205434228039	-1.52825176832691	0.748068533786705	-2.4929675330847	0.0311113263684104	-1.60141084213487	-2.71636802045473	-3.89796856646841	0.159190627697953	0.738024456522036	-1.18105403513335	-2.14208308501996	-1.37165045312178	-1.94105800258216	-3.3531689126386	-4.07117614058434	-0.397451090698211	-1.92377860395283	-2.43479076142445	-3.62631307002298	-4.05919987359619	-3.43350127694411	-3.30717290889799	0.704395069453266	-2.03487493394923	-2.73557199363647	-2.8920278986681
E1	-0.105673062636792	-3.77618708355195	0.0669573849829246	0.607589170226681	0.382945734204957	0.16811215962277	0.061689277983087	0.0877642237865143	0.21454925887378	-0.00318642989625249	0.181288347204694	0.460461989835941	0.174709894314876	-0.158808213260217	0.143507451143607	-4.03140787013735	0.279439786426968	0.241580262390041	0.948155017928113	0.306558591033649	0.378330292523423	-0.248793963414318	0.232143960560857	-0.243274495715029	-0.11651725226978	0.475576900833142	-0.257415571244458	0.168159113445559	-4.05943255296898	-4.72644861071405	-0.774905749547205	-0.0444766152857215	0.0104996221163284	-0.77603891988369	0.188851266747318	0.406713555339747	-0.213186756827356	0.453319169863217	0.413991867010162	0.615946545145607	0.329592224347346	0.0615518391231511	-0.300457296852127	-0.535195412418938	-2.85622079714265	-4.48874296564593	-0.373248667921611	-0.126335752075026	-0.485146626235472	0.0936872025886111	0.232665551200812	0.0119814247409126	0.439996113505955	0.0747052895458165	-0.627716120176388	-0.535262226273915	0.0183694375410436	-0.510059017618662	-0.0210907178045445	-0.456739961237666	-0.375988940479542	0.162040326013589	0.046044465468009	-0.175772803280523	-0.621155347615063	-0.175744534756361	0.0594896979699318
E2	0.20719210626562	0.235693688419466	0.362291041003077	0.142319736201771	0.762751592115214	0.47315340104601	0.310166872905716	0.158152756531556	0.463745857003647	0.304217478765436	-0.307471706243305	0.171280195821427	0.0202162778569744	0.0705122202231533	0.283374292613829	0.281481184402436	0.353424592443327	0.855445028362028	0.306558591033649	1.05803355179608	1.03754926141426	-0.607956010391866	0.405484080992532	-0.364976026544899	-0.229615025168397	-3.51262918174917	-0.136982509809153	0.46642685857127	-0.0475517809975676	-0.714567838742637	-1.24017518357211	0.0813244082294114	0.261218749493134	-0.463193292620772	0.0799804179707476	0.339670129782882	0.336468140885329	0.209406691726387	0.316685086956714	0.175486999438721	0.487555123079927	0.550500787763343	0.146688407964657	-0.766391463346914	-2.8443834524481	-4.47690562095138	0.193467747697111	0.1655564811401	-0.311513690793433	0.244503473208677	0.545522034604435	0.397397154494532	0.354925616616006	0.413898694645516	-0.504387002431544	-1.03285653739004	-0.142333915623402	0.0458308614074922	-0.134191385898376	-1.22305196213224	-0.453251880578904	-0.636897273795067	0.41172497316842	0.0339097263393715	-0.609318002920509	0.159785975280886	0.176960488181739
E3	0.520549856791781	-2.15000324847714	0.453221523000722	-2.54438548326319	-2.46800616168135	0.347179839583277	0.28304774027672	0.426154567007845	1.10038817052189	-3.97906367188425	-3.47128370442774	-2.51542502364354	0.157483493148575	-3.83365654531636	0.526673710873769	-2.40522403506253	-3.20832307151899	-2.13227932981201	0.378330292523423	1.03754926141426	1.38473087031644	-0.661543825213019	0.114056135438127	-0.0159418178917895	-3.09240426574926	-1.89828269136891	-0.177765960603151	0.10950609321825	-2.43324871789417	-3.10026477563924	-3.92688040303708	-0.000460904513405555	-4.14146851701603	-3.14989851208574	0.118075264659657	0.475094813022171	0.11200833839336	0.120483088174908	-3.5161280050542	-3.76647021732019	-2.74320263071664	1.21064337051371	0.0889476666278912	-3.75411582152095	-1.23003696206784	-2.86255913057112	-3.97751630889098	0.183307799978894	-0.403022397876357	0.379928156447966	-2.4422023235696	-3.4032313734562	-2.63279874155803	-3.20220629101841	-0.614273773797988	-1.03127271917536	-0.127162612034232	-3.18492689238907	-3.69593904986069	-4.88746135845923	0.0946268562985609	-0.393597855535127	0.209837291230457	-0.334910259805304	-3.29602322238547	0.00332314520414644	-0.153132759827482
M1	-0.502438245258491	-4.88051895090546	-0.445589685497228	-5.27490118569151	-5.19852186410967	-0.401107604692487	-0.300109478295286	-0.137052427387398	-0.550966190483479	-0.322189369984332	0.0103884639861541	-0.204544092799925	-0.135324915234612	-0.16972039179976	-0.418533514746091	0.143016149216396	-0.231267746292399	-0.561743322395099	-0.248793963414318	-0.607956010391866	-0.661543825213019	0.194417634449275	-0.973028111169073	0.0172439714854319	-0.618797271189625	-0.628754966520362	-0.160257439188049	-1.22656626394929	0.091510497521237	-1.13180178792876	0.172550654720978	-0.318653835869407	-0.710615917696045	0.0880692010229412	-0.0442398242661702	-0.59266836835688	-0.419893429487561	-1.11174308528928	-0.603190043964536	-1.54273858484175	-0.695559844580267	-1.04278002823035	-0.415623755599624	0.10082931836298	0.0394907627807079	-0.0615946386223476	-0.95984320878793	-0.490824809792603	-0.0416688794483493	-0.40858485956307	-0.394559537433227	-0.577443368745351	-0.062282276855386	-0.233751120522612	-0.21257318194451	0.107098680429514	-0.0448841572015071	-0.468283012426222	0.131052569919811	0.114577527003398	0.00938056621788782	0.164449283995593	-0.279720567756201	-0.32951651555013	0.0772651381061877	-0.161388047812729	-0.470391957770177
M10	0.505096961920763	-2.94357120463598	0.446755117545716	0.662089987854822	1.21556161312093	0.553572799070673	0.370285833474597	0.255829283508156	0.306820214363043	0.268765005228839	-4.26485166058658	-3.30899297980238	0.594323585757049	-0.150088770514087	0.793783769120062	-3.19879199122138	0.901204387961204	-2.92584728597085	0.232143960560857	0.405484080992532	0.114056135438127	-0.973028111169073	1.15297569713833	-0.46501533632673	0.114071205368756	-2.69185064752775	0.135868045667688	0.842268987155011	-3.22681667405302	-3.89383273179809	-4.72044835919593	0.191595108786611	0.295415002869304	-3.94346646824458	-0.0992407819133567	0.510826005295551	-0.380551335197122	0.934348977215181	0.167439769748081	0.138940516659762	0.463272840401378	1.01910283563229	0.224789056291838	-4.5476837776798	-2.02360491822668	-3.65612708672996	0.405009889292751	0.470561226757988	-0.616813157466757	0.446693526995962	-3.23577027972845	0.502179360523748	-3.42636669771688	0.00426918009960978	-0.0654605023501503	-0.979761247408831	-0.0176416988689082	0.322556861297307	-4.48950700601954	-5.68102931461807	-0.373552639071426	-0.886146672984904	0.483209506941422	0.360064096742826	-0.089547751267458	0.209716104691542	0.484621229390899
M11	-0.33936702356393	-0.0512299075510553	-0.214423094829535	-4.44565556961398	-0.36923282075527	-0.156191928197876	-0.199929409034718	0.189517958416637	-0.323775137109428	0.0541651980018287	-0.372549447855412	-0.115643400149094	0.200653145187276	0.0132621708642228	0.0403560934934526	0.170641609547811	-0.15534582296301	-4.03354941616279	-0.243274495715029	-0.364976026544899	-0.0159418178917895	0.0172439714854319	-0.46501533632673	0.407609588021144	0.15245678567056	-3.79955277771969	0.338260883716157	-0.639483722870318	-0.334475376968088	0.360194862260345	-0.413175471056864	-0.315354044227319	-0.474535705532536	-0.0097719651645866	-0.170955598958914	-0.420785133923303	-0.675358482213513	-0.469053792047822	-0.463150756498217	-0.764644888031934	-4.64447271706742	-0.213534412152815	-0.622000878304526	-0.424934431827547	0.868736378858245	-0.763785789645036	-0.674663698253806	-0.650453648937993	-0.333025228493857	-0.24546011063654	-4.34347240992038	-0.225316594653759	-4.53406882790881	0.311498640961809	-0.408376978485332	-0.0216734044026703	0.0785763741763166	0.294016072528323	0.235300415162649	0.206464890699653	0.352065456301038	-0.0481448233137314	0.0436264496020694	-0.31815859027195	-0.294197893097218	0.0887818135687862	-0.197113173837496
M12	-3.17847021798609	-1.84897989597814	0.550128149999476	-2.2433621307642	-2.16698280918236	-3.35184023519459	-4.11490759736309	0.727177919506837	-2.89964018682434	0.322003107891608	-3.17026035192874	-2.21440167114455	0.935599149331828	-3.53263319281737	-3.47335464647246	-2.10420068256354	-2.90729971902	-1.83125597731301	-0.11651725226978	-0.229615025168397	-3.09240426574926	-0.618797271189625	0.114071205368756	0.15245678567056	-2.79138091325027	-1.59725933886991	0.378526036663802	0.489709244143134	-2.13222536539518	-2.79924142314025	-3.62585705053809	0.445244956627185	0.159598262759822	-2.84887515958675	-0.472988413303217	0.174074459727352	-3.58701173638451	-3.87954526917133	1.08594705729002	-3.4654468648212	-2.44217927821765	-2.48837670426416	-4.21209982942741	-3.45309246902196	-0.929013609568843	-2.56153577807212	0.323550470884876	-0.0799350138409696	-4.80097773551616	0.0789078031531465	-2.14117897107061	-3.10220802095721	-2.33177538905904	1.09886048875745	-0.313250421298995	-0.55416534556047	0.173860740464761	1.59323219107104	-3.3949156973617	-0.285386296115009	-0.0650774746266839	-0.393582785604498	0.431680845303558	0.381081095575661	-2.99499986988648	-3.69569692957372	0.147890592671511
M13	-1.98434864360573	-0.654858321597789	-2.95472896575897	-1.04924055638385	-0.972861234802004	-2.15771866081424	-2.92078602298273	-2.77767919625161	-1.70551861244399	-2.4839187450049	-1.97613877754839	-1.02028009676419	-2.34741500724894	-2.33851161843702	-2.27923307209211	-0.910079108183183	-1.71317814463964	-0.637134402932659	0.475576900833142	-3.51262918174917	-1.89828269136891	-0.628754966520362	-2.69185064752775	-3.79955277771969	-1.59725933886991	-0.403137764489558	-3.3815997238626	-3.0943276700412	-0.938103791014822	-1.60511984875989	-2.43173547615773	0.162266266645589	-2.64632359013669	-1.65475358520639	-3.97784552906166	-2.93285567573752	-2.39289016200416	-2.68542369479097	-2.02098307817485	-2.27132529044084	-1.24805770383729	-1.29425512988381	-3.01797825504706	-2.2589708946416	0.265107964811512	-1.36741420369177	-2.48237138201163	0.637079781819921	-3.60685616113581	-3.02802233231173	-0.947057396690252	-1.90808644657686	2.86238961259818	-1.70706136413906	-3.1191722741955	-3.83717950214124	0.614660609032718	-1.68978196550973	-2.20079412298134	-3.39231643157988	-3.82520323515309	-3.19950463850101	-3.07317627045489	0.461299404212107	-1.80087829550613	-2.50157535519337	-2.658031260225
M2	0.241312094009175	-3.63332028097083	-0.0410957656540932	-4.02770251575689	0.525812536786074	-0.0222339271665117	-0.00162034132583265	0.0220108185825246	-0.0819097232627398	0.322949842590405	-0.255622046782634	0.00130137113962608	0.230426740517187	0.174389516971893	0.233668063316799	-3.88854106755623	-0.214504373051563	-3.6155963623057	-0.257415571244458	-0.136982509809153	-0.177765960603151	-0.160257439188049	0.135868045667688	0.338260883716157	0.378526036663802	-3.3815997238626	0.689156378210825	-0.109001330009729	-3.91656575038787	0.863577774258233	-1.10914572568555	0.0220018465152136	-0.133422454727776	-0.0311446960251403	-0.100182983705714	0.00776098051155744	-0.329955488105268	-0.232520281509926	-0.0963496219088553	-0.404683005637063	0.0745320466348902	0.204418641704268	-0.256076735300245	-0.392328609837821	-2.71335399456153	-0.345832735787952	-0.159801174253715	-0.19064729841314	-0.3228667934591	0.0834211728394287	-3.9255193560633	0.15484822732203	-0.116072346774864	0.217572092126934	-0.34944543103718	-0.182172904935993	0.0930633458692782	0.477887212887831	-0.225008747447629	-0.0675821174655841	0.236541472637862	-0.487769631531172	0.147019131996329	-0.0716016235031269	-0.177269406324877	0.25235724950485	0.0356055623675045
M3	0.278708785749382	-3.34604822714943	0.278360931768201	-3.74043046193549	0.335992286923215	-0.149929876227083	0.0955950991205337	0.203229680162296	0.506386897643405	0.272050931834627	0.0316500070387672	0.589581707529391	0.240150973906661	-0.126606108349622	0.609361761851767	0.398774413542036	0.373790438373405	-3.3283243084843	0.168159113445559	0.46642685857127	0.10950609321825	-1.22656626394929	0.842268987155011	-0.639483722870318	0.489709244143134	-3.0943276700412	-0.109001330009729	1.10322344120044	-3.62929369656647	-4.29630975431154	-5.12292538170938	0.377389715659135	0.31569998318479	-4.34594349075803	-0.370182139965221	0.401260693687189	-0.606944336594676	0.698933726003109	0.287831359196612	0.514607506373035	0.905856634787891	1.16068610233515	0.268555901841993	-0.649109090348019	-2.42608194074013	-0.0585606819665506	0.303561414802247	0.267052293039568	-0.917833015419275	0.0937017869243293	0.838888428719228	0.245827892048324	-3.82884372023033	0.07888446127042	-0.347962684283594	-1.20614804489493	0.120744069382732	0.397186617503321	-4.89198402853299	-2.08346290985466	-0.557351271137219	-1.04559029987582	0.356208084210166	0.495977785312942	-0.492024773780908	0.149659394138534	0.207082541362531
M4	-2.519314670131	-1.18982434812305	-3.48969499228423	-1.58420658290911	-1.50782726132727	-2.6926846873395	0.544291377768867	-3.31264522277687	-2.24048463896925	-3.01888477153016	-2.51110480407365	-1.55524612328946	-2.8823810337742	-2.87347764496228	-2.81419909861737	-1.44504513470845	-2.24814417116491	-1.17210042945792	-4.05943255296898	-0.0475517809975676	-2.43324871789417	0.091510497521237	-3.22681667405302	-0.334475376968088	-2.13222536539518	-0.938103791014822	-3.91656575038787	-3.62929369656647	-1.47306981754009	-2.14008587528516	-2.966701502683	-0.196615738763779	-3.18128961666195	-2.18971961173165	0.390283860052112	-3.46782170226278	-2.92785618852942	-3.22038972131624	-2.55594910470011	-2.80629131696611	-1.78302373036256	-1.82922115640907	-3.55294428157232	-2.79393692116687	-0.269858061713752	-1.90238023021703	-3.0173374085369	-0.198894527273707	0.159229522184154	-3.56298835883699	-1.48202342321552	-2.44305247310212	-1.67261984120395	-2.24202739066432	0.947932547833528	0.10499020229462	0.0796945825074537	-2.22474799203499	-2.73576014950661	-3.92728245810514	-4.36016926167835	-3.73447066502627	-3.60814229698015	-4.07371004959002	-2.33584432203139	-3.03654138171863	-3.19299728675026
M5	-3.18633072787607	-1.85684040586812	-4.1567110500293	-2.25122264065418	-2.17484331907234	-3.35970074508457	-0.122724679976203	0.321390429323285	-2.90750069671432	-3.68590082927523	0.821922565458141	-2.22226218103453	-3.54939709151927	-3.54049370270735	-3.48121515636244	-2.11206119245352	-2.91516022890998	-1.83911648720299	-4.72644861071405	-0.714567838742637	-3.10026477563924	-1.13180178792876	-3.89383273179809	0.360194862260345	-2.79924142314025	-1.60511984875989	0.863577774258233	-4.29630975431154	-2.14008587528516	2.09599348260881	-3.63371756042807	0.349429438872907	-3.84830567440702	-2.85673566947672	-0.878775903486769	0.166213949837372	-3.59487224627449	-3.88740577906131	-3.22296516244518	0.526736052565685	-2.45003978810763	-2.49623721415414	-4.21996033931739	-3.46095297891194	-0.936874119458822	-2.5693962879621	0.315689960994897	0.134050330627465	-4.80883824540614	-0.229960989305197	-2.14903948096059	-3.11006853084719	-2.33963589894902	-2.90904344840939	-0.0201026486206109	-0.136066170772535	0.277973699715672	-2.89176404978006	-3.40277620725168	-0.117162784889091	0.228089598420302	-4.40148672277134	-4.27515835472522	0.338458757818138	-3.00286037977646	-3.7035574394637	0.140030082781531
M6	-4.01294635527391	-2.68345603326596	-4.98332667742714	-3.07783826805202	-3.00145894647018	-4.18631637248241	-0.472248003689783	-0.806233480642919	-3.73411632411216	-0.512473029396212	-0.00469306193970004	-3.04887780843237	-4.37601271891712	-4.36710933010519	-0.307787356483423	-2.93867681985136	-3.74177585630782	-2.66573211460083	-0.774905749547205	-1.24017518357211	-3.92688040303708	0.172550654720978	-4.72044835919593	-0.413175471056864	-3.62585705053809	-2.43173547615773	-1.10914572568555	-5.12292538170938	-2.966701502683	-3.63371756042807	0.95464183050509	-0.106684936866989	-4.67492130180486	-3.68335129687456	-0.26607976160998	-0.961409960128832	-4.42148787367233	-4.71402140645915	-4.04958078984302	-4.29992300210902	-3.27665541550547	-3.32285284155198	-0.268417478150541	0.615526809329262	-1.76348974685666	0.604031511916919	-4.51096909367981	-0.462118163649297	0.00799979071399603	-0.579484313018777	-2.97565510835843	-3.93668415824503	-3.16625152634686	-3.73565907580723	-0.00163884809307668	0.399040845229668	-0.0848852822598478	-3.7183796771779	0.247743896311604	0.170151577352611	-0.172558804666449	0.186872668161817	-1.1017305548462	0.188533882859036	-3.8294760071743	-0.530129639584681	-4.68662897189317
M7	0.143327132728183	0.308472689830931	0.163321628132679	0.361242902676674	-0.00953022337328456	0.0411326167125399	0.143595726377702	-0.0054708683918142	0.19230317441151	0.0770989858871436	0.00421772255722462	0.0222307130904196	-0.0261574536626425	0.156289879698445	0.149472402444119	-0.0436559383389672	0.0135736721138321	0.104353649318384	-0.0444766152857215	0.0813244082294114	-0.000460904513405555	-0.318653835869407	0.191595108786611	-0.315354044227319	0.445244956627185	0.162266266645589	0.0220018465152136	0.377389715659135	-0.196615738763779	0.349429438872907	-0.106684936866989	0.461265431593373	0.474153235882227	-1.08934955407124	-0.0602806843454092	0.173481512630925	0.0328304610340726	0.184233780405426	0.37690847081935	0.456920169077049	0.162425755223231	-0.0298984656707847	-0.021232093509271	-0.361149107786102	-3.47053971389857	0.101060814586105	0.459587983237109	-0.00727443377716035	-0.380608318765979	0.130646107057334	0.396479789752897	0.127118622446926	-0.174322803249962	0.0486540519328158	-0.299725383353887	-0.352196135272392	0.0113721326118383	0.25581249793501	-0.538500055844933	-0.446722782436365	-0.329636240398837	-0.528611966465602	0.228602588619186	0.427176291915177	0.0655351028466035	0.0638071789077193	0.214847201611188
