B1	B2	CD4_1	CD4_2	CD4_3	CD4_4	CD45_1	CD45_2	CD8_1	CD8_2	CD8_3	CD8_4	CD8_5	CD8_6	DC1	DC2	DC3	DC4	E1	E2	E3	M1	M10	M11	M12	M13	M2	M3	M4	M5	M6	M7	M8	M9	Mo1	Mo2	Mo3	Mo4	Mo5	Mo6	Mo7	Mo8	N1	N2	N3	N4	N5	N6	N7	NK1	NK2	NKT	S	T1	T10	T11	T12	T2	T3	T4	T5	T6	T7	T8	T9	Treg1	Treg2
B1	1.27428831465867	1.4637890596089	0.613266427788581	-1.6618229573741	1.09586768972247	-3.24089886210971	0.305684899711649	0.255240844480115	-3.56959012223793	0.62589780758859	-3.49361573294062	-2.57763823721149	-3.69553074767468	-3.83062853567039	0.509616430243897	-2.73119589493106	-3.35130704822672	-2.40159105443995	0.236722747679448	0.328835144718254	-2.50629807071939	-0.312250581306503	0.418966142736084	0.0226813351041967	-2.42089046080847	0.427780770273288	-0.474801548695866	-0.247078964789534	-4.34818046253147	1.11488906595596	-4.28846369492858	-0.0342928891959049	0.417744768029122	-2.63889629418475	0.143231502705126	0.215054234247921	0.117937604866881	0.666577869103486	-0.686461662630929	0.791767547080407	-3.21439251639475	-3.03219493887201	-0.21031900888927	-4.21010143961656	1.11488906595596	-3.00845883083655	-4.07898559216601	-0.447043194913011	-0.345318909686155	0.466961750731881	1.11488906595596	0.568059640537264	0.594621001441009	-2.8979273906568	-0.0907002674810748	-0.877200622637276	0.134146458006777	-2.77509542854702	-3.01810949801504	-0.00495670295761499	-0.508009055182833	-0.0481470346319872	0.0270888030433919	-0.184541068232747	-3.05906522809877	0.342209459829282	0.416901133609723
B2	1.4637890596089	-1.26761218484137	-3.2941855437274	-0.393180774547504	-1.6355335547278	-1.97225667928311	0.574366166892001	-2.77716868253852	-2.30094793941133	1.04947917351522	-2.22497355011403	-1.3089960543849	-2.42688856484809	-2.56198635284379	-2.52279309677474	-1.46255371210446	-2.08266486540012	-1.13294887161336	-3.94179465188513	-3.51646936547592	-1.2376558878928	-0.405322387667877	-2.78952740539845	-3.3107473306235	-1.15224827798188	-2.30362047417698	0.793840634130727	1.02156321803706	-3.07953827970488	2.38353124878255	-3.01982151210199	0.470924894207912	-3.01259173928308	-1.37025411135816	-0.0932657748542852	0.204983957644132	-3.09055594326765	-3.06478429099302	0.582180520195665	-1.93963369736986	-1.94575033356815	-1.76355275604541	-3.54374767461697	-2.94145925678997	2.38353124878255	-1.73981664800995	-2.81034340933942	-4.08149642772546	0.020271284778263	-3.8771809824148	2.38353124878255	-2.76536902519044	-2.61387254669352	-1.6292852078302	-3.2991938156156	-4.30753712994948	-0.304738959544676	-1.50645324572043	-1.74946731518844	-2.73635794740788	-3.2394102996331	-3.68260026744443	-3.60736442976905	0.606987097994914	-1.79042304527218	-2.38919178462099	-2.91652753211798
CD4_1	0.613266427788581	-3.2941855437274	0.661512782815984	-2.41975413343354	1.03687177652497	0.60324081038515	0.28014394480037	0.275442823728677	0.902930177746817	0.485261882815878	-0.251503481723199	-3.33556941327093	0.324696564830569	0.189598776834864	0.295737788516057	0.510916356286366	0.367897506674967	0.840521196777472	0.107179315574562	0.164528303292952	-3.26422924677883	-0.353936907963338	0.506120598513478	0.230882208324741	-3.17882163686791	0.514910411113812	0.109648502851378	0.0363430651460968	-5.10611163859091	0.356957889896517	-0.569259140026899	-0.0332084436761619	0.283056264628841	-3.39682747024419	0.211070890304717	0.278738061276823	0.161626584553564	0.371041845584496	-0.165680379259986	-3.9662070562559	0.0277197348226763	-3.79012611493144	-0.248099670705047	-4.968032615676	0.356957889896517	-3.76639000689599	0.0661786474135862	-0.0868800739279553	-0.207004262575278	0.424625466031977	0.356957889896517	0.550482270807076	0.137712582985137	-3.65585856671624	-0.284370541229705	-0.541718098862854	-0.0618425679980611	0.4670168226704	-3.77604067407448	-0.285795575332794	0.0562377042788213	-0.408141459199503	0.00951587486289352	-0.158333654401418	-3.81699640415821	0.487330272132018	0.548262203777943
CD4_2	-1.6618229573741	-0.393180774547504	-2.41975413343354	0.481250635746361	-0.761102144433933	-1.09782526898925	-2.551245850091	-1.90273727224465	-1.42651652911747	-2.07613284346778	-1.35054213982016	-0.434564644091031	-1.55245715455422	-1.68755494254993	-1.64836168648087	-0.588122301810599	-1.20823345510626	-0.258517461319493	-3.06736324159126	-2.64203795518206	-0.363224477598933	-0.00798328105827328	-1.91509599510458	-2.43631592032964	-0.277816867688016	-1.42918906388312	-2.33177138285227	-2.10404879894594	-2.20510686941101	3.25796265907641	-2.14539010180812	-3.65464803842133	-2.13816032898922	-0.495822701064291	0.179138214162147	1.079415367938	-2.21612453297378	-2.19035288069916	-2.54343149678733	-1.065202287076	-1.07131892327429	-0.889121345751546	-2.66931626432311	-2.0670278464961	3.25796265907641	-0.865385237716089	-1.93591199904555	-3.20706501743159	-3.10534073220474	-3.00274957212094	3.25796265907641	-1.89093761489657	-1.73944113639966	-0.754853797536338	-2.42476240532174	-3.43310571965562	-3.43035097652767	-0.632021835426565	-0.875035904894578	-1.86192653711402	-2.36497888933924	1.1918745701263	-2.73293301947519	-3.12065234026552	-0.915991634978316	-1.51476037432712	-2.04209612182411
CD4_3	1.09586768972247	-1.6355335547278	1.03687177652497	-0.761102144433933	2.297596785231	-2.34017804916954	0.507453079573935	-3.14509005242495	-2.66886930929776	1.15865010731305	-2.59289492000046	-1.67691742427133	-2.79480993473452	-2.92990772273022	-2.89071446666117	-1.83047508199089	-2.45058623528655	-1.50087024149979	-0.309672594494695	0.960713508814472	-1.60557725777923	-0.405275244338604	-3.15744877528487	-3.67866870050993	-1.52016964786831	-2.67154184406341	-3.57412416303256	-3.34640157912623	-3.44745964959131	2.01560987889612	-3.38774288198842	-0.896957391324759	-3.38051310916951	-1.73817548124459	0.192016924548716	0.138070870326066	0.842574396691149	-3.43270566087945	-3.78578427696763	-2.30755506725629	-2.31367170345458	-2.13147412593184	-3.9116690445034	-3.3093806266764	2.01560987889612	-2.10773801789638	-3.17826477922585	0.15265305094241	-0.0466418025398028	0.356968496253062	2.01560987889612	-3.13329039507687	-2.98179391657995	-1.99720657771663	0.332928241774829	-4.67545849983591	0.105454731856723	-1.87437461560686	-2.11738868507487	-3.10427931729431	-3.60733166951953	-4.05052163733086	-3.97528579965548	-4.36300512044581	-2.15834441515861	-2.75711315450742	1.01660280784082
CD4_4	-3.24089886210971	-1.97225667928311	0.60324081038515	-1.09782526898925	-2.34017804916954	-2.67690117372486	0.170729955018621	-3.48181317698026	-3.00559243385308	-3.65520874820339	-2.92961804455577	-2.01364054882664	0.868510367987031	0.733412579991326	-3.22743759121648	-2.16719820654621	-2.78730935984187	-1.8375933660551	0.198665097849954	0.477864830221131	-1.94230038233454	-0.440971475300143	0.505871527436674	0.285659884779978	-1.85689277242362	-3.00826496861872	-3.91084728758788	0.316918723595316	-3.78418277414662	1.67888675434081	-3.72446600654373	-0.0576297888143597	-3.71723623372483	-2.0748986057999	0.290215848492555	0.454543370832286	-3.79520043770939	0.832642063119527	0.178544308322285	-2.64427819181161	-2.6503948280099	-2.46819725048715	-0.248348741781852	0.353939676045151	1.67888675434081	-2.4444611424517	-3.51498790378116	-0.309005191206076	-4.68441663694034	0.321269938782492	1.67888675434081	-3.47001351963218	-3.31851704113526	-2.33392970227195	-4.00383831005735	-0.711129914545998	-0.00942253834017764	-2.21109774016217	-2.45411180963019	-3.44100244184963	0.658016054479449	-0.387201334609313	-0.0109572143655699	-0.398676535155898	-2.49506753971392	-3.09383627906273	0.378871400717141
CD45_1	0.305684899711649	0.574366166892001	0.28014394480037	-2.551245850091	0.507453079573935	0.170729955018621	0.465476074504584	0.106162875189922	0.386091229221999	0.459573568529144	-0.382995198380659	0.532982297348474	0.456442992880351	0.234195906519474	0.164246071858597	0.379424639628906	0.458248749195183	-3.29101394715685	0.0848319872414869	-0.0834687204187512	-3.39572096343629	-0.338955122775724	0.131592384211289	0.154437918264152	-3.31031335352537	0.492561785186287	0.226797851911038	0.00958585298730527	-5.23760335524837	0.225466173239057	-0.332782343468657	0.0229729255109162	0.452593509604574	0.471724240375213	0.194651513043971	0.242775383853611	0.0736003439868155	0.19212565179448	-0.00772508479041234	-0.0976553456364926	0.19723630073358	0.0784255956879584	0.00575827749444511	-0.497453483779166	0.225466173239057	0.102161703723416	0.14553820813786	-0.0722438730824502	-0.229351662997747	0.291090007826294	0.225466173239057	0.355321785973314	0.432185074750941	-3.7873502833737	-0.253136194171143	-0.633092654118852	0.0285143715642125	0.33552510601294	-3.90753239073194	-0.292352174397082	-0.0172623239084182	-0.425690324656927	0.279893864730225	0.0848975280631213	0.352563589029552	0.151721829974319	0.356772764992618
CD45_2	0.255240844480115	-2.77716868253852	0.275442823728677	-1.90273727224465	-3.14509005242495	-3.48181317698026	0.106162875189922	0.792459684917561	0.18953899016838	0.539883591464313	-3.73453004781118	-2.81855255208204	0.665625786009057	0.229508859304284	-0.0323061671950226	-2.97211020980161	0.40782206417959	-2.64250536931051	-0.00419156719110738	0.0531590019801542	-2.74721238558995	-0.323828383388282	-0.299040475818732	0.698211427599124	-2.66180477567903	0.487874737971097	-0.113688442288989	-0.186984997091726	-4.58909477740203	0.8739747510854	-0.529334582522276	-0.0430003131337185	-0.221096527135006	-2.87981060905531	0.261974647471727	0.0755970839382974	0.00195840758949779	-0.273289078844947	-0.228440714639548	-3.44919019506701	-3.4553068312653	0.726934173534302	-0.27514568374943	-0.450972327210254	0.8739747510854	-3.2493731457071	-4.31989990703657	-0.31229703871536	-0.489324297272645	0.266475998761168	0.8739747510854	0.327145325666708	0.353706686570453	0.861201721749511	-4.80875031331275	-0.640999473304054	0.115080552129989	-3.01600974341758	-3.25902381288559	0.453064245033766	0.506308120513474	-0.41399827657689	0.427148357723678	-0.142910524006165	-3.29997954296933	0.40230342752709	0.352074458749563
CD8_1	-3.56959012223793	-2.30094793941133	0.902930177746817	-1.42651652911747	-2.66886930929776	-3.00559243385308	0.386091229221999	0.18953899016838	1.267787154573	0.794258480233084	-3.25830930468399	-2.34233180895486	0.539819107858809	-3.59532210741376	0.443914575932162	-2.49588946667443	-3.11600061997009	-2.16628462618332	0.0662662268168391	-0.0726693890847659	-2.27099164246276	-0.438671170833443	0.177180267308452	0.257987763360826	-2.18558403255185	0.663087198529917	-0.239495120439238	0.289235746035459	-4.11287403427484	1.35019549421258	-0.0531138393950918	-0.164473457438667	-4.04592749385305	-2.40358986592812	0.266963255300078	0.347698930139881	-4.12389169783761	0.202931664282237	-0.4511552343743	-2.97296945193983	-2.97908608813812	-2.79688851061538	0.121895260951863	-3.97479501135993	1.35019549421258	-2.77315240257992	0.156364263367479	-0.114827839372316	-0.314129206929766	0.431907917898778	1.35019549421258	0.502346930084824	-3.64720830126349	-2.66262096240017	0.144606160775554	-0.562714395954756	-0.10766666534732	-2.53978900029039	-2.78280306975841	-3.76969370197785	0.204389676758056	-0.41488431216917	-0.0386293357847225	-0.329440814990547	-2.82375879984215	0.57751588808591	0.749115403450856
CD8_2	0.62589780758859	1.04947917351522	0.485261882815878	-2.07613284346778	1.15865010731305	-3.65520874820339	0.459573568529144	0.539883591464313	0.794258480233084	0.62175859516181	0.0921178082425606	-2.99194812330517	-0.109797206491499	0.0561132880811597	0.0953065441502171	-3.14550578102474	0.53543477552483	-2.81590094053363	0.138682021540479	0.198520311450293	1.07943547046379	-0.270943740933685	0.00465625664240449	0.0476972337281547	-2.83520034690215	0.0134708841796089	0.286939292276168	0.18367196601675	-4.76249034862515	0.700579179862276	-0.7027301537454	-0.0359399690502264	0.0826146803613344	-3.05320618027843	0.180419998175147	0.292841209180859	0.0715962319889044	0.252267983009807	-0.799763266156245	0.377457660986727	-3.62870240248843	-3.44650482496568	-0.22669540061414	-0.624367898433378	0.700579179862276	0.577274710346636	-0.192243768414466	-0.232968302268641	-0.18560150905335	0.435502581943547	0.700579179862276	0.250657596028088	0.305246232940501	-3.31223727675048	0.0178584583872269	-0.410704459374233	-0.124411000697816	0.81063811263616	-3.43241938410872	-0.118258306482931	-0.320291519999081	-0.189458182022129	0.0521081561942206	0.0295352081752547	-3.47337511419245	-4.07214385354126	0.354767733868508
CD8_3	-3.49361573294062	-2.22497355011403	-0.251503481723199	-1.35054213982016	-2.59289492000046	-2.92961804455577	-0.382995198380659	-3.73453004781118	-3.25830930468399	0.0921178082425606	1.89684994976654	-2.26635741965756	-3.38424993012075	-3.51934771811645	-3.4801544620474	-2.41991507737712	-3.04002623067278	-2.09031023688602	0.0039393984812495	0.00330500021253874	-2.19501725316546	0.20157359606955	0.554162939174121	-0.268065268619302	-2.10960964325454	-3.26098183944964	-4.1635641584188	-3.93584157451246	-4.03689964497754	1.42616988350989	0.022860549902213	0.0576284712020272	0.0300903227211196	-2.32761547663082	-0.0729132491857186	-0.752377407628528	-4.04791730854031	-4.02214565626568	-0.375180845076996	-2.89699506264252	-2.90311169884081	-2.72091412131807	-0.501065612612768	-3.89882062206263	1.42616988350989	-2.69717801328261	0.232338652664783	-0.561722062036993	-0.238154817632461	-0.232471499133168	1.42616988350989	0.277313036813765	-3.57123391196618	-2.58664657310286	-4.25655518088826	-0.0607757982341872	-0.417039507917373	-2.46381461099309	-2.7068286804611	0.306324114596319	-4.19677166490576	-0.0378907841627969	-0.56468236776485	0.047559227091063	1.55326729930039	-3.34655314989365	-3.87388889739064
CD8_4	-2.57763823721149	-1.3089960543849	-3.33556941327093	-0.434564644091031	-1.67691742427133	-2.01364054882664	0.532982297348474	-2.81855255208204	-2.34233180895486	-2.99194812330517	-2.26635741965756	-1.35037992392842	1.53177099288525	-2.60337022238732	-2.56417696631826	-1.50393758164799	-2.12404873494365	-1.17433274115689	0.317873188416571	-3.55785323501945	-1.27903975743632	-0.224863298033729	-2.83091127494197	0.647912227109831	-1.19363214752541	-2.34500434372051	-3.24758666268966	-3.01986407878333	-3.1209221492484	2.34214737923902	-3.06120538164552	-4.57046331825872	-3.05397560882661	-1.41163798090168	0.34246437220112	-3.83644333917626	-3.13193981281118	-3.10616816053655	-3.45924677662473	-1.98101756691339	-1.98713420311168	-1.80493662558894	-3.5851315441605	-2.9828431263335	2.34214737923902	-1.78120051755348	-2.85172727888295	0.35425543369214	-4.02115601204213	0.558570879002793	2.34214737923902	1.1932905325429	-2.65525641623705	-1.67066907737373	0.659465742117731	-0.348877572216146	-4.34616625636507	-1.54783711526396	-1.79085118473197	-2.77774181695141	-3.28079416917663	0.276059290288904	-3.64874829931258	-4.03646762010291	-1.83180691481571	-2.43057565416451	1.04213202561536
CD8_5	-3.69553074767468	-2.42688856484809	0.324696564830569	-1.55245715455422	-2.79480993473452	0.868510367987031	0.456442992880351	0.665625786009057	0.539819107858809	-0.109797206491499	-3.38424993012075	1.53177099288525	1.01590590369949	-3.72126273285051	-3.68206947678146	-2.62183009211118	-3.24194124540684	-2.29222525162008	0.241353622991698	-0.675702318205782	-2.39693226789952	-0.12792011662491	0.0512396418716973	0.643922982390547	-2.3115246579886	-3.4628968541837	-0.0644274633076287	-4.13775658924652	-4.2388146597116	1.22425486877583	-0.179054464831847	-0.169840572802134	-0.17182469201294	-2.52953049136488	0.231747183238386	0.159610843381321	-0.249788895997505	0.0769910388454822	-0.100003556126795	-3.09891007737658	-3.10502671357487	-2.92282913605213	-0.401972344778464	-0.100692209519825	1.22425486877583	-2.89909302801667	0.0304236379307238	-0.337677392093137	-0.293944278328494	0.394908010232567	1.22425486877583	0.0753980220797054	0.527902783144986	-2.78856158783692	-0.458426768345461	-0.563718094317163	-0.141837404030302	-2.66572962572715	-2.90874369519516	0.104409099862259	0.203384168914473	-0.142897957312352	-0.164569961221477	-0.37620164200141	-2.9496994252789	0.928667566333416	0.623174778014101
CD8_6	-3.83062853567039	-2.56198635284379	0.189598776834864	-1.68755494254993	-2.92990772273022	0.733412579991326	0.234195906519474	0.229508859304284	-3.59532210741376	0.0561132880811597	-3.51934771811645	-2.60337022238732	-3.72126273285051	-3.85636052084622	0.659968466183962	-2.75692788010689	-3.37703903340255	-2.42732303961578	0.0860525429104032	0.335287604292252	-2.53203005589522	-0.301770444180802	-4.08390157340087	-0.127985767664806	1.55342098129256	-3.59799464217941	0.198401728990239	0.0281973326029987	-4.3739124477073	1.08915708078012	-0.013143970259188	0.00262183418344462	0.170169823675615	-2.66462827936058	0.165625549756385	0.0866605167074208	0.393228377294618	0.33982023114335	-0.0132583849448238	-3.23400786537229	-3.24012450157058	-3.05792692404784	0.161882500303709	-4.23583342479239	1.08915708078012	-3.03419081601238	0.594261112796955	-0.033445940844334	-0.0980521561584483	0.372514134772652	1.08915708078012	0.417392537768261	0.392804995149281	-2.92365937583263	-0.116432252656906	-0.397788600963952	0.034312910741616	-2.80082741372285	-3.04384148319087	-4.03073211541031	0.165194222503272	-0.499838704485733	0.244392539999124	0.0327634442361507	-3.08479721327461	0.316477474653451	0.26623403084072
DC1	0.509616430243897	-2.52279309677474	0.295737788516057	-1.64836168648087	-2.89071446666117	-3.22743759121648	0.164246071858597	-0.0323061671950226	0.443914575932162	0.0953065441502171	-3.4801544620474	-2.56417696631826	-3.68206947678146	0.659968466183962	1.12512140693093	1.28230880323903	0.662197649943372	-2.38812978354673	0.265423931645057	0.483624640434434	-2.49283679982616	-0.413362341538801	1.06923837568896	0.036142605997423	-2.40742918991525	-3.55880138611035	-0.46134027780264	0.845523743980057	-4.33471919163824	1.12835033684918	-0.274958996758494	0.155259391158831	0.033279058628776	-2.62543502329152	-0.036703153331137	0.441122713215857	-0.0446851453557892	0.525139041250434	-0.673000391737703	-3.19481460930323	-3.20093124550152	0.981309759298084	-0.497876876705112	-4.19664016872334	1.12835033684918	-2.99499755994332	0.23552738857244	0.0946880329952665	-0.234948711508863	0.122913023495555	1.12835033684918	0.280501772721421	-3.86905345862689	-2.88446611976357	-4.55437472754897	-0.608470706976089	0.093250180118214	-2.7616341576538	-3.00464822712181	-3.99153885934125	-0.0174554806053467	-0.937737752100937	0.251401351318352	0.196894919898422	0.954439470071314	0.355670730722508	-0.171665016774483
DC2	-2.73119589493106	-1.46255371210446	0.510916356286366	-0.588122301810599	-1.83047508199089	-2.16719820654621	0.379424639628906	-2.97211020980161	-2.49588946667443	-3.14550578102474	-2.41991507737712	-1.50393758164799	-2.62183009211118	-2.75692788010689	1.28230880323903	-1.65749523936756	-2.27760639266322	-1.32789039887645	-4.13673617914822	-3.71141089273902	-1.43259741515589	-0.123152310985336	-2.98446893266154	-3.5056888578866	-1.34718980524498	-2.49856200144008	-3.40114432040923	-3.1734217365029	-3.27447980696797	2.18858972151945	-3.21476303936508	0.179074439660751	-3.20753326654618	-1.56519563862125	0.0639691842350848	-3.99000099689583	-3.28549747053074	-3.25972581825612	-3.61280443434429	-2.13457522463296	-2.14069186083125	-1.95849428330851	0.261354225396797	-3.13640078405306	2.18858972151945	-1.93475817527305	-3.00528493660251	0.200697775972572	-4.17471366976169	-0.0720790824010356	2.18858972151945	-2.96031055245353	-2.80881407395662	-1.8242267350933	-3.4941353428787	0.0995921913417188	-0.198672204239407	-1.70139477298352	-1.94440884245154	-2.93129947467098	0.565691600380665	0.4235099151377	-3.80230595703215	0.412045570731819	-1.98536457253528	-2.58413331188408	-3.11146905938107
DC3	-3.35130704822672	-2.08266486540012	0.367897506674967	-1.20823345510626	-2.45058623528655	-2.78730935984187	0.458248749195183	0.40782206417959	-3.11600061997009	0.53543477552483	-3.04002623067278	-2.12404873494365	-3.24194124540684	-3.37703903340255	0.662197649943372	-2.27760639266322	-2.89771754595888	-1.94800155217211	-0.154776483889588	0.709874587237254	-2.05270856845155	-0.2061477044058	0.997490762597095	0.175251698662967	-1.96730095854064	-3.11867315473574	-0.021212046428027	0.984625598766133	-3.89459096026363	1.5684785682238	-3.83487419266074	0.118267366189606	-3.82764441984184	-2.18530679191691	-0.0954142856363371	0.389892192731619	0.395443086018824	0.421214738293448	0.0681361222052739	-2.75468637792862	-2.76080301412691	-2.57860543660417	0.118335375785398	-3.75651193734872	1.5684785682238	-2.55486932856871	0.374647337378689	0.182635756869018	-4.79482482305735	-0.0901628144192625	1.5684785682238	-3.58042170574919	-3.42892522725227	-2.44433788838896	-4.11424649617436	-0.168342475601476	0.202386295417664	-2.32150592627918	-2.5645199957472	-3.55141062796664	0.24658872965337	-4.49765294800319	-4.42241711032781	-0.509084721272909	-2.60547572583094	-3.20424446517974	-3.73158021267673
DC4	-2.40159105443995	-1.13294887161336	0.840521196777472	-0.258517461319493	-1.50087024149979	-1.8375933660551	-3.29101394715685	-2.64250536931051	-2.16628462618332	-2.81590094053363	-2.09031023688602	-1.17433274115689	-2.29222525162008	-2.42732303961578	-2.38812978354673	-1.32789039887645	-1.94800155217211	-0.998285558385348	0.192912088619744	-3.38180605224791	-1.10299257466479	-0.446743095555764	-2.65486409217044	-3.17608401739549	-1.01758496475387	-2.16895716094897	-3.07153947991812	-2.84381689601179	-2.94487496647687	2.51819456201056	-2.88515819887398	0.0827195954739411	-2.87792842605507	-1.23559079813015	0.138305379958229	0.816739574556403	-2.95589263003964	-2.93012097776501	-3.28319959385319	-1.80497038414185	-1.81108702034014	-1.6288894428174	0.590959065887902	-2.80679594356196	2.51819456201056	-1.60515333478194	-2.67568009611141	-3.94683311449745	-3.84510882927059	0.558534040658434	2.51819456201056	-2.63070571196243	-2.47920923346551	-1.49462189460219	0.835512924889269	-4.17287381672147	-4.17011907359353	-1.37178993249242	-1.61480400196043	-2.60169463417987	-3.10474698640509	-3.54793695421642	0.52734231073582	0.440631272513856	-1.65575973204417	-2.25452847139298	-2.78186421888997
E1	0.236722747679448	-3.94179465188513	0.107179315574562	-3.06736324159126	-0.309672594494695	0.198665097849954	0.0848319872414869	-0.00419156719110738	0.0662662268168391	0.138682021540479	0.0039393984812495	0.317873188416571	0.241353622991698	0.0860525429104032	0.265423931645057	-4.13673617914822	-0.154776483889588	0.192912088619744	0.862011871769588	0.487866637567481	0.690232493617738	-0.346589709022379	0.189503606430915	0.0869525776848758	-3.82643074502564	0.168328196549861	-0.0111529535748807	0.103212941308404	-0.639774053727865	-0.29065121826121	-0.693999636222645	-0.294241007997309	-0.118571308492564	-0.0443931511250535	0.220542151512915	0.121822781707554	-0.131268944745829	0.124356697007212	-0.183559819080612	-0.312764454568396	0.283162615027125	0.261243467049628	-0.149743908722863	-0.385190247789545	-0.29065121826121	-4.41399911505371	-0.484521533460075	-0.221652661726409	-0.370653154643826	0.173731153410936	-0.29065121826121	0.223207283564789	0.126920004593717	0.298603173680333	-0.575434536812873	-0.612503553987206	-0.133246773945081	-0.180592285487327	0.275328907906596	-0.456293079544884	-0.0747430465277706	-0.388299318951194	0.0569097960093986	-0.392804183644518	-0.163553802470715	0.082756886105854	0.125294179653953
E2	0.328835144718254	-3.51646936547592	0.164528303292952	-2.64203795518206	0.960713508814472	0.477864830221131	-0.0834687204187512	0.0531590019801542	-0.0726693890847659	0.198520311450293	0.00330500021253874	-3.55785323501945	-0.675702318205782	0.335287604292252	0.483624640434434	-3.71141089273902	0.709874587237254	-3.38180605224791	0.487866637567481	1.25420517994032	0.814538641317873	-0.538029121453705	0.392980786621089	0.130592455084818	0.598937968660426	0.146501035327263	0.136005746819975	0.488666788941334	-0.0731205424957067	0.134674068147994	-0.490520204171855	-0.126658518410882	0.0395832472133234	-3.61911129199271	0.00762927979729637	0.246118183810293	0.332685658063343	0.254561426206699	-0.219560505324583	-0.188447450727555	0.50437117593609	0.686568753458832	0.126473760370596	-0.287221021785485	0.134674068147994	-3.98867382864451	-0.214096345797149	0.152520118108746	-0.124825260213174	0.0780820910405323	0.134674068147994	0.0649586593282347	0.0403656883109621	0.121901038812104	-0.401919858479559	-0.965328589983371	-0.0693395857176984	-3.75531042635498	0.302727214022228	-0.985171700765577	-0.166046117469701	-0.727334751091033	0.250988698536691	-0.392681970792923	-4.03928022590674	-0.0359781167012477	-0.0192535749819329
E3	-2.50629807071939	-1.2376558878928	-3.26422924677883	-0.363224477598933	-1.60557725777923	-1.94230038233454	-3.39572096343629	-2.74721238558995	-2.27099164246276	1.07943547046379	-2.19501725316546	-1.27903975743632	-2.39693226789952	-2.53203005589522	-2.49283679982616	-1.43259741515589	-2.05270856845155	-1.10299257466479	0.690232493617738	0.814538641317873	3.093352118901	-4.85250182168043	-2.75957110844987	-3.28079103367493	-1.12229198103331	-2.27366417722841	-3.17624649619756	-2.94852391229123	-3.04958198275631	2.41348754573112	-2.98986521515342	-0.198071441921395	-2.98263544233451	-1.34029781440958	0.334624016463095	0.535948537161067	-3.06059964631908	-3.03482799404445	-3.38790661013263	-1.90967740042129	-1.91579403661958	-1.73359645909684	0.486252049608463	-2.9115029598414	2.41348754573112	-1.70986035106138	-2.78038711239085	-4.05154013077688	-3.94981584555003	-3.84722468546623	2.41348754573112	-2.73541272824187	-2.58391624974495	-1.59932891088163	-3.26923751866703	-4.27758083300091	0.202309641088156	-1.47649694877186	-1.71951101823987	-2.70640165045931	-3.20945400268453	-3.65264397049586	0.422635294456381	-3.96512745361081	-1.76046674832361	-2.35923548767242	-2.88657123516941
M1	-0.312250581306503	-0.405322387667877	-0.353936907963338	-0.00798328105827328	-0.405275244338604	-0.440971475300143	-0.338955122775724	-0.323828383388282	-0.438671170833443	-0.270943740933685	0.20157359606955	-0.224863298033729	-0.12792011662491	-0.301770444180802	-0.413362341538801	-0.123152310985336	-0.2061477044058	-0.446743095555764	-0.346589709022379	-0.538029121453705	-4.85250182168043	0.313479388300773	-0.523559175465554	-0.103425119637329	-0.28995848080839	-0.327400687363947	-0.0720857882632668	-0.718264300576812	0.175434053096057	-1.23131468500508	0.20355183905058	-0.316233087370469	-0.602131398094363	0.0149042977773162	-0.231218509073521	-0.529663570305587	-0.424368282428302	-0.607747849428516	-0.859522280983847	-1.25342792131227	-0.657500851716747	-0.90126295887192	-0.304895335802875	0.0669442032237362	-1.23131468500508	-0.150539884809631	-0.677000540595683	-0.22681486759424	-0.0905551800018234	-0.324709551910418	-1.23131468500508	-0.411731543441071	-0.336623321003232	-0.465972653053144	-0.205618764279397	0.154366580526328	-0.334393245957156	-0.276194935331236	0.112809453389448	-0.11315752702952	-0.252196133519165	0.254003808940094	-0.293302622159086	-0.364910788905365	-0.17481750301563	-0.0902233363978085	-0.285860551333303
M10	0.418966142736084	-2.78952740539845	0.506120598513478	-1.91509599510458	-3.15744877528487	0.505871527436674	0.131592384211289	-0.299040475818732	0.177180267308452	0.00465625664240449	0.554162939174121	-2.83091127494197	0.0512396418716973	-4.08390157340087	1.06923837568896	-2.98446893266154	0.997490762597095	-2.65486409217044	0.189503606430915	0.392980786621089	-2.75957110844987	-0.523559175465554	0.98958954117544	0.0124416929962442	-2.67416349853896	-3.82553569473406	0.418013124067389	0.754879488046846	-4.60145350026195	0.861616028225473	-0.541693305382204	0.15040272818928	-0.0573712288790366	-2.89216933191523	-0.0558835422173498	0.415419873881457	-0.311419453979499	0.735521851247856	-0.0946738834614491	0.538494509349924	0.532377873151632	1.19166775435864	0.235369271956914	-0.463331050070182	0.861616028225473	-3.26173186856703	-0.0312069200512696	-0.0352087504482537	-0.422502497902449	-0.0188831517037028	0.861616028225473	0.189851485213609	-0.135744339973735	-3.15120042838728	-0.219038187618386	-0.984348106329732	0.310023276780947	-3.02836846627751	0.728660891531343	-0.258229740688098	-0.761282092913317	-0.426356999436818	0.268662095520361	0.145759804682529	-3.31233826582926	-3.91110700517806	0.16362809587924
M11	0.0226813351041967	-3.3107473306235	0.230882208324741	-2.43631592032964	-3.67866870050993	0.285659884779978	0.154437918264152	0.698211427599124	0.257987763360826	0.0476972337281547	-0.268065268619302	0.647912227109831	0.643922982390547	-0.127985767664806	0.036142605997423	-3.5056888578866	0.175251698662967	-3.17608401739549	0.0869525776848758	0.130592455084818	-3.28079103367493	-0.103425119637329	0.0124416929962442	0.779656751298637	0.804660003512846	-0.0457039101138903	0.25581339655977	-0.0673680201151789	-0.821621715641786	0.340396103000413	-0.363977967745327	-0.286657060466565	-0.277568396500528	0.58665417013657	0.198544388481549	-0.156952473260051	0.0704316079381701	-0.32976094821047	-0.557902637224296	-3.982768843152	0.0111579479265731	0.494363808017679	-0.472936127378335	-0.683542692726878	0.340396103000413	-3.78295179379209	-0.376342824160432	-0.556428675673313	-0.504392032360958	0.16958933632726	0.340396103000413	0.0945912446664648	-0.656964265198794	0.929650494941956	-0.196197823627139	-0.186319122485308	0.0552031602300072	-3.54958839150257	0.508449248874648	0.697629609175503	0.543530005485823	-0.0725219343534479	0.486221308608374	-0.375460120542531	-3.83355819105432	0.412777313773702	0.216431476442462
M12	-2.42089046080847	-1.15224827798188	-3.17882163686791	-0.277816867688016	-1.52016964786831	-1.85689277242362	-3.31031335352537	-2.66180477567903	-2.18558403255185	-2.83520034690215	-2.10960964325454	-1.19363214752541	-2.3115246579886	1.55342098129256	-2.40742918991525	-1.34718980524498	-1.96730095854064	-1.01758496475387	-3.82643074502564	0.598937968660426	-1.12229198103331	-0.28995848080839	-2.67416349853896	0.804660003512846	-1.03688437112239	-2.18825656731749	-3.09083888628665	-2.86311630238032	-2.96417437284539	2.49889515564204	-2.9044576052425	0.18835530669859	-2.8972278324236	-1.25489020449867	0.374274618357668	-3.67969556277324	-2.97519203640816	-2.94942038413354	-3.30249900022171	-1.82426979051037	-1.83038642670867	-1.64818884918592	-3.42838376775748	-2.82609534993048	2.49889515564204	-1.62445274115047	-2.69497950247993	-3.96613252086597	-3.86440823563911	0.238226351721547	2.49889515564204	-2.65000511833095	-2.49850863983403	-1.51392130097071	-3.18382990875612	-0.192129795813131	0.111633229883176	-1.39108933886094	-1.63410340832895	-2.6209940405484	-3.12404639277361	-3.56723636058494	-3.49200052290956	-3.87971984369989	-1.67505913841269	-2.2738278777615	-2.80116362525849
M13	0.427780770273288	-2.30362047417698	0.514910411113812	-1.42918906388312	-2.67154184406341	-3.00826496861872	0.492561785186287	0.487874737971097	0.663087198529917	0.0134708841796089	-3.26098183944964	-2.34500434372051	-3.4628968541837	-3.59799464217941	-3.55880138611035	-2.49856200144008	-3.11867315473574	-2.16895716094897	0.168328196549861	0.146501035327263	-2.27366417722841	-0.327400687363947	-3.82553569473406	-0.0457039101138903	-2.18825656731749	1.66037557941051	0.0588406273634791	-0.0144450712985522	-4.11554656904049	1.34752295944694	-4.0558298014376	0.0783659254671749	0.650378661520104	-2.40626240069377	-0.00706822372062549	0.123179575938418	0.350571498357863	0.376343150632487	-0.152819486571584	-2.97564198670547	-2.98175862290377	1.20048238189584	0.0223148846017122	0.0225758811512828	1.34752295944694	-2.77582493734557	0.454700011170195	0.0866179799268867	-0.0157760889111072	0.317262204293768	1.34752295944694	0.800693534028246	1.3915157972428	-2.66529349716581	0.141933626009907	-0.644566729146294	-0.136667979169196	-2.54246153505604	-2.78547560452405	-3.7723662367435	-4.27541858896871	-0.241472825818921	0.470573973916107	-0.332113349756194	-2.82643133460779	0.574843353320263	0.0475076058232722
M2	-0.474801548695866	0.793840634130727	0.109648502851378	-2.33177138285227	-3.57412416303256	-3.91084728758788	0.226797851911038	-0.113688442288989	-0.239495120439238	0.286939292276168	-4.1635641584188	-3.24758666268966	-0.0644274633076287	0.198401728990239	-0.46134027780264	-3.40114432040923	-0.021212046428027	-3.07153947991812	-0.0111529535748807	0.136005746819975	-3.17624649619756	-0.0720857882632668	0.418013124067389	0.25581339655977	-3.09083888628665	0.0588406273634791	0.747301758027019	0.405150545253387	-0.717077178164417	0.444940640477783	-0.481276389445633	0.126722603862955	0.0488219953352548	0.69119870761394	0.00853738745689107	-0.0176458991218053	-0.0748992166656547	0.275380987409454	-0.277268650232737	-3.87822430567463	0.416710767972306	-3.70214336435018	0.0617310022681423	-0.277979016540439	0.444940640477783	0.321636170962143	-0.0499553275053867	-0.150854729415208	-0.1940860617798	0.0167379606545525	0.444940640477783	0.141144610681622	0.146515535140512	-3.56787581613497	-0.158599558767143	-0.420052287353186	-0.0392527410364141	-3.4450438540252	0.311985503783653	-0.373896845867424	-0.177996565014765	0.119172603370658	0.383464398574857	0.0575521599857555	-3.72901365357695	-0.0267306830805275	-0.0769596518580545
M3	-0.247078964789534	1.02156321803706	0.0363430651460968	-2.10404879894594	-3.34640157912623	0.316918723595316	0.00958585298730527	-0.186984997091726	0.289235746035459	0.18367196601675	-3.93584157451246	-3.01986407878333	-4.13775658924652	0.0281973326029987	0.845523743980057	-3.1734217365029	0.984625598766133	-2.84381689601179	0.103212941308404	0.488666788941334	-2.94852391229123	-0.718264300576812	0.754879488046846	-0.0673680201151789	-2.86311630238032	-0.0144450712985522	0.405150545253387	1.21374229622147	-0.790362876826448	0.672663224384115	-4.73068953650042	0.347763604126066	0.317936869590415	-3.08112213575659	-0.235942638969939	0.279403052937186	-4.80142396766608	0.75582787898563	-0.0873342982076996	-3.6505017217683	0.945452490587708	-3.47442078044385	-0.300368364108645	-0.65228385391154	0.672663224384115	-3.45068467240839	-0.0440757027767302	-0.093393579199776	-0.435365249053308	-0.245624351929691	0.672663224384115	-0.175185339743645	-4.32474057109195	-3.34015323222864	-0.311083149875239	-1.17330091017109	0.353565631786063	-3.21732127011886	-3.46033533958688	-4.44722597180632	-0.348207475477242	-1.393424864566	0.186918881320554	0.376833954279546	-3.50129106967062	-0.100016381742559	-0.15025982555529
M4	-4.34818046253147	-3.07953827970488	-5.10611163859091	-2.20510686941101	-3.44745964959131	-3.78418277414662	-5.23760335524837	-4.58909477740203	-4.11287403427484	-4.76249034862515	-4.03689964497754	-3.1209221492484	-4.2388146597116	-4.3739124477073	-4.33471919163824	-3.27447980696797	-3.89459096026363	-2.94487496647687	-0.639774053727865	-0.0731205424957067	-3.04958198275631	0.175434053096057	-4.60145350026195	-0.821621715641786	-2.96417437284539	-4.11554656904049	-0.717077178164417	-0.790362876826448	1.82118541122442	0.571605153919042	1.24379971938023	-0.0691637047992252	-4.82451783414659	-3.18218020622166	-0.844503942473102	-5.60698556449624	-4.90248203813116	-4.87671038585653	-0.92873729209948	-3.75155979223337	-3.75767642843166	-3.57547885090892	-0.577515280915788	0.246618991269628	0.571605153919042	-3.55174274287346	0.280825911436111	-0.0183606801383405	-0.37672321903111	-1.38805536743308	0.571605153919042	-0.276243410208719	-0.425755214280166	-3.44121130269371	-1.11107648320225	0.00438874269117812	-1.41772979154625	-3.31837934058394	-3.56139341005195	-4.54828404227139	-5.05133639449661	-1.49448293503108	-1.11823881478733	-0.3756444727688	-3.60234914013569	-4.20111787948449	-4.72845362698149
M5	1.11488906595596	2.38353124878255	0.356957889896517	3.25796265907641	2.01560987889612	1.67888675434081	0.225466173239057	0.8739747510854	1.35019549421258	0.700579179862276	1.42616988350989	2.34214737923902	1.22425486877583	1.08915708078012	1.12835033684918	2.18858972151945	1.5684785682238	2.51819456201056	-0.29065121826121	0.134674068147994	2.41348754573112	-1.23131468500508	0.861616028225473	0.340396103000413	2.49889515564204	1.34752295944694	0.444940640477783	0.672663224384115	0.571605153919042	6.03467468240647	0.631321921521929	-0.877936015091274	0.638551694340835	2.28088932226576	-1.04419318978466	-0.143916036008812	0.56058749035627	0.586359142630894	0.23328052654272	1.71150973625406	1.70539310005576	1.88759067757851	0.107395759006947	0.70968417683395	6.03467468240647	1.91132678561396	0.840800024284499	-0.430352994101537	-0.328628708874682	-0.226037548790885	6.03467468240647	0.885774408433481	1.0372708869304	2.02185822579372	0.351949618008314	-0.656393696325563	-0.65363895319762	2.14469018790349	1.90167611843548	0.914785486216034	0.411733133990816	-0.0314568338205136	0.0437790038548655	-0.343940316935463	1.86072038835174	1.26195164900293	0.73461590150594
M6	-4.28846369492858	-3.01982151210199	-0.569259140026899	-2.14539010180812	-3.38774288198842	-3.72446600654373	-0.332782343468657	-0.529334582522276	-0.0531138393950918	-0.7027301537454	0.022860549902213	-3.06120538164552	-0.179054464831847	-0.013143970259188	-0.274958996758494	-3.21476303936508	-3.83487419266074	-2.88515819887398	-0.693999636222645	-0.490520204171855	-2.98986521515342	0.20355183905058	-0.541693305382204	-0.363977967745327	-2.9044576052425	-4.0558298014376	-0.481276389445633	-4.73068953650042	1.24379971938023	0.631321921521929	1.17245232630373	0.098922646691789	-0.287665335582581	-3.12246343861878	-0.29832653000366	-0.225047434095395	-0.842721843251406	-4.81699361825365	-0.324967990164993	-3.69184302463048	-3.69795966082877	-3.51576208330603	-0.295952658954488	0.385516281102639	0.631321921521929	-3.49202597527057	-0.261501026754814	-0.253921015490555	-0.213466213839443	-0.453296155332848	0.631321921521929	-0.517534925174196	-4.36608187395414	-3.38149453509082	-0.750351433030999	-0.246832432422404	-0.444206798108882	-3.25866257298105	-3.50167664244906	-4.4885672746685	-0.292640936754924	0.305553884414804	-0.88243802606855	0.0380374691483483	-3.5426323725328	-4.14140111188161	-0.668693432101737
M7	-0.0342928891959049	0.470924894207912	-0.0332084436761619	-3.65464803842133	-0.896957391324759	-0.0576297888143597	0.0229729255109162	-0.0430003131337185	-0.164473457438667	-0.0359399690502264	0.0576284712020272	-4.57046331825872	-0.169840572802134	0.00262183418344462	0.155259391158831	0.179074439660751	0.118267366189606	0.0827195954739411	-0.294241007997309	-0.126658518410882	-0.198071441921395	-0.316233087370469	0.15040272818928	-0.286657060466565	0.18835530669859	0.0783659254671749	0.126722603862955	0.347763604126066	-0.0691637047992252	-0.877936015091274	0.098922646691789	0.435227638137233	0.377219107781959	-4.63172137523198	-0.0738810909930897	0.0757329880521054	-0.0298037056007059	0.189622421251665	0.285871577123377	0.355202745895487	0.349086109697195	0.230254897924491	-0.0554785456451425	-0.327864678213169	-0.877936015091274	0.461115583579776	0.344830000521359	-0.192207221046782	-0.294787092231018	-0.092543419987331	-0.877936015091274	-0.0098025321748337	-0.0180067109497144	0.109251871219078	-0.266194632873839	-0.709866036460385	0.0882156924479715	0.378210628176348	-0.533798848101143	-0.599883465435217	-0.255364648934618	-0.582339506477016	0.0433904160467549	0.400982882680215	-0.0518859662229005	-0.328437685696854	-0.0952090667544412
