B1	B2	CD4_1	CD4_2	CD4_3	CD4_4	CD45_1	CD45_2	CD8_1	CD8_2	CD8_3	CD8_4	CD8_5	CD8_6	DC1	DC2	DC3	DC4	E1	E2	E3	M1	M10	M11	M12	M13	M2	M3	M4	M5	M6	M7	M8	M9	Mo1	Mo2	Mo3	Mo4	Mo5	Mo6	Mo7	Mo8	N1	N2	N3	N4	N5	N6	N7	NK1	NK2	NKT	S	T1	T10	T11	T12	T2	T3	T4	T5	T6	T7	T8	T9	Treg1	Treg2
B1	1.24155836164625	-2.26576029685569	0.300710335358613	-2.56671373979122	1.48162536015645	-0.0490184799523099	0.261660842148152	0.113662179220997	0.279987206745543	0.495299653633697	-3.6419984492643	-2.99971905095966	0.361886875731018	0.04005890123529	1.10937926976676	-2.24228770603199	-3.29436394848364	-2.36718604228414	0.325470938992115	0.485181980740889	-3.05876024264923	-0.27366538611539	0.414912253965471	0.083876360706128	0.916256559758726	-2.19115538235342	0.171064024149734	0.47308236059953	-2.64013074753467	-2.74277947827181	-0.300678782550856	0.0586978737580175	0.622468106157359	-2.99120375941075	0.182050281573083	-0.0789341011633395	0.291073835553406	-0.261200492149221	-0.351394029307558	-3.55857020968839	-2.99971905095966	-3.09408627860441	-0.0139431553323284	-4.20010740990928	-2.70291287415349	-3.33517148811138	0.16651973764655	-0.0997278070573205	-0.284653647125134	0.157451469785322	-2.56671373979122	-3.95346770592374	-2.99548227496128	-3.12041388018282	-4.72753253084197	-0.222458313319331	-0.233512721597756	-3.05133664970246	-3.6059539021668	-4.78294247097042	-0.196029889064647	-0.531235600633939	0.368263779043553	-0.217638352507849	-3.52215618021289	0.366761126852706	0.451256264077666
B2	-2.26576029685569	-0.77307461243453	-3.28578884537345	-1.07402805537005	-1.02573238269925	-2.55637622280801	-3.28705010670262	-3.09263082649664	-2.22737053611016	1.38595791677743	-2.14931276484314	-1.5070333665385	-2.44647914969305	-2.46729884162041	-2.30103046145112	-0.749602021610828	-1.80167826406248	-0.874500357862983	-3.43711829443045	-3.38386205908832	-1.56607455822807	-0.626034934851868	-2.69447291016766	-3.56956909264331	-1.59110118309698	-0.698469697932262	-3.1144087799938	-3.31298784168655	-1.14744506311351	-1.25009379385065	-2.80803652540656	0.405265604202106	1.27009297367856	-1.49851807498959	-4.49845059389074	1.01582460296425	-2.69337621098656	1.23148519227194	-3.46077919344069	-2.06588452526722	-1.5070333665385	-1.60140059418324	1.17771796200409	-2.70742172548812	-1.21022718973233	-1.84248580369022	1.35819713949935	0.547872245527008	-3.79197230562708	-3.5803143218377	-1.07402805537005	-2.46078202150258	-1.50279659054011	-1.62772819576166	-3.23484684642081	-3.93389532588612	-4.28489632236647	-1.5586509652813	-2.11326821774564	-3.29025678654926	-3.78252906979671	-3.73752860635158	0.819596257469644	-3.67920000299345	-2.02947049579173	-2.44160489857136	-2.83421654006586
CD4_1	0.300710335358613	-3.28578884537345	0.543919799916367	-3.58674228830898	0.76260509420705	0.345884562584063	0.376327208943697	0.29228258159438	0.722314726414472	0.597476945585207	-0.360975287936838	0.457388131483704	0.383231272251577	0.434961943771663	0.265440170763187	-3.26231625454975	0.287678351552891	0.913837119043321	0.199386893296169	0.276610267857744	-0.0787453638901312	-0.259123332140818	0.361015754727693	-0.0448564292064897	0.373320314925224	-3.21118393087119	0.12106578959865	0.17861972915149	-3.66015929605243	-3.76280802678957	-0.366503423438721	0.0993664575057253	0.420094089261759	-4.01123230792851	0.175791536873362	0.251277070613038	0.395970633137331	0.352196997621734	-0.827362288609013	-0.277547048360922	0.281304110367807	-0.114071399845304	-0.0449719600112078	-0.265888623520279	-3.72294142267125	-0.355156609352276	-0.00842938294583661	-0.0354373676275557	-0.225504930606458	0.318591319517769	-3.58674228830898	0.327535912689463	0.461624907482085	-4.14044242870058	-0.285161583896183	-0.33266587244566	-0.319043915427697	-0.0713217709433611	-0.324930740839339	-0.802966676565081	-0.360744346498779	-0.450901600481144	0.187652760974381	0.0535986786399371	0.156793961408146	0.492840450880888	0.533883390715737
CD4_2	-2.56671373979122	-1.07402805537005	-3.58674228830898	-1.37498149830558	-1.32668582563478	1.44372204410169	0.41203987763872	-3.39358426943217	-2.52832397904568	-2.91503895343496	-2.45026620777867	-1.80798680947402	-2.74743259262857	-2.76825228455594	-2.60198390438664	-1.05055546454635	-2.10263170699801	-1.17545380079851	-3.73807173736597	-3.68481550202384	-1.86702800116359	-0.625980095219029	-2.99542635310319	0.129520891698027	-1.8920546260325	-0.999423140867787	-3.41536222292932	-3.61394128462208	-1.44839850604903	-1.55104723678617	-3.10898996834208	0.616188005733058	-3.03090389653383	-1.79947151792511	-0.100425346687464	-3.5861805498165	1.00571377335478	-3.06951167794045	-3.76173263637622	-2.36683796820275	-1.80798680947402	2.0976893901581	-3.72530632948573	-3.00837516842364	-1.51118063266785	-2.14343924662574	-2.94279973071304	0.0708347814755865	-4.0929257485626	0.118775662503639	-1.37498149830558	-2.7617354644381	-1.80375003347564	-1.92868163869718	-3.53580028935634	-4.23484876882165	-4.585849765302	-1.85960440821682	-2.41422166068117	-3.59121022948479	0.217569197112989	0.438653681674023	-3.48140061274274	0.621917402625323	-2.33042393872725	-2.74255834150688	-3.13516998300139
CD4_3	1.48162536015645	-1.02573238269925	0.76260509420705	-1.32668582563478	3.02266155688125	-2.80903399307273	-3.53970787696734	-3.34528859676136	-2.48002830637488	-2.86674328076416	-2.40197053510786	-1.75969113680322	-2.69913691995777	-2.71995661188513	-2.55368823171584	-1.00225979187555	-2.0543360343272	-1.12715812812771	-3.68977606469517	0.965551019201256	-1.81873232849279	-0.401600401432331	-2.94713068043239	-3.82222686290803	-1.8437589533617	-0.951127468196986	-3.36706655025852	1.27945863222555	-1.40010283337823	-1.50275156411537	-3.06069429567128	-0.44941958734005	-2.98260822386303	-1.75117584525431	0.0270501244092287	-3.5378848771457	-2.94603398125128	-3.02121600526965	-3.71343696370541	1.98250941431328	-1.75969113680322	-1.85405836444797	-3.67701065681493	-2.96007949575284	-1.46288495999705	-2.09514357395494	-2.89450405804224	-0.181877828421976	-4.0446300758918	0.468079617742804	-1.32668582563478	-2.7134397917673	-1.75545436080484	-1.88038596602638	-3.48750461668554	-0.186509668873984	-0.537510665354334	-1.81130873554602	-2.36592598801037	-3.54291455681399	-4.03518684006144	0.0098570506605632	-3.43310494007194	-3.93185777325817	-2.28212826605645	-2.69426266883608	-3.08687431033059
CD4_4	-0.0490184799523099	-2.55637622280801	0.345884562584063	1.44372204410169	-2.80903399307273	0.864444863806462	0.133770979911855	0.42509973026084	-0.0106287192067762	0.0797486100882058	-3.93261437521662	-3.29033497691198	0.770223582856577	0.594503792182934	0.216719638020628	-2.53290363198431	0.415063552840901	-2.65780196823646	0.38164117225888	0.0369590275261579	-3.34937616860155	-0.181493010909631	-4.47777452054114	0.259914212956485	0.92664891637477	-2.48177130830574	-0.0526061461904504	-0.318130963495344	-2.93074667348699	-3.03339540422413	-0.591294708503176	-0.0307163601097039	0.264906424592905	-3.28181968536307	0.262315964170176	0.253692645543499	-0.476634394083174	0.0502110031758917	-0.766945072853049	-3.84918613564071	-3.29033497691198	-3.38470220455672	-0.730518765962563	-4.4907233358616	-2.99352880010581	-3.6257874140637	-4.425147898151	-0.53647094146502	-0.429142778229957	0.414536041995997	-2.85732966574354	0.659011783762982	-3.2860982009136	-3.41102980613514	-0.541012725833171	-0.394975573461648	-0.297345185006092	-3.34195257565478	-3.89656982811912	-0.471487548368448	-0.0217613949803146	-0.290378740680874	0.291526137663026	-0.161469446235967	-3.81277210616521	0.620197735231986	0.336729184467416
CD45_1	0.261660842148152	-3.28705010670262	0.376327208943697	0.41203987763872	-3.53970787696734	0.133770979911855	0.500004611840461	0.18578606920793	0.43474812396433	0.428242702371648	-0.0612174105569348	0.456126870154538	0.294820273882591	0.361150318995047	0.389116741268748	-3.26357751587892	0.38332493180823	-3.38847585213107	0.18244543900574	0.345200743498095	0.823045363142879	-0.18101241635106	0.153281319814615	0.0098774484881788	0.195975032480162	-3.21244519220035	0.210465445887208	0.0761271939050648	-3.66142055738159	-3.76406928811874	-0.47690777549782	0.100123609172757	0.358135129196417	-4.01249356925768	0.166263180397045	0.183069084280352	0.415898619176506	0.285669168561268	-0.828623549938179	0.0222108290189815	-0.0209654335297223	0.486694760102963	0.0573072524603293	-0.142212354602976	-3.72420268400042	-4.3564612979583	-0.0418750890248315	-0.104782286879993	-0.198737490954866	0.337074108902978	-3.58800354963814	0.423184230075827	-0.0167286575313408	0.460367158524551	-0.470066453981657	-0.394791992339562	-0.279043691652072	0.228425250295837	-0.627200284736868	-0.573780804773168	-0.372224760985988	-0.5191095365484	0.309899139701659	0.0372736795840047	-0.242394280214592	-0.0524849772004096	0.333050107820864
CD45_2	0.113662179220997	-3.09263082649664	0.29228258159438	-3.39358426943217	-3.34528859676136	0.42509973026084	0.18578606920793	0.81826213628679	0.152051939966531	0.367390442569415	0.0082667520558712	0.47446212924462	0.725327731026797	0.535366307115435	0.28250874012581	0.930885191603923	-0.121191050847729	0.805986855351769	0.129816780698364	0.0524573444415405	0.716440076264114	-0.197446471632062	-0.235870635665082	0.547037499417532	0.0893860301177765	0.982017515282489	-0.132932826924944	-0.155421353383141	-3.46700127717562	-3.56965000791276	-0.428614049329869	-0.183922796501308	-0.049502324737311	-3.8180742890517	0.290896353511699	0.057975454855899	-0.535796694087543	-0.243010204890207	-0.458114044704845	-0.385397312052473	-3.82658958060061	0.0790866190315084	-0.89880485643549	-0.424907090995931	-3.52978340379444	-4.16204201775233	-0.660350791994399	-0.532815520680534	-0.580048325312099	0.190034928624389	-3.39358426943217	0.498417651142559	0.177690622674637	0.751694280315033	-0.855424370344125	-0.454110301138879	-0.226054453767313	0.422844530501815	0.266154258331046	-0.405690303623419	0.0409298288372318	-0.477300080918165	0.0563003232698433	-0.153657556621056	-0.0479750000086144	0.600568611616896	0.323349948237549
CD8_1	0.279987206745543	-2.22737053611016	0.722314726414472	-2.52832397904568	-2.48002830637488	-0.0106287192067762	0.43474812396433	0.152051939966531	0.619385250059441	0.630597255963735	-3.60360868851877	-2.96132929021412	0.576360657592449	-3.92159476529604	0.244717042150117	-2.20389794528646	-3.25597418773811	-2.32879628153861	0.149982415165856	0.576817035567054	0.979672945373164	-0.223041186186729	0.152282876001936	0.122266121451662	0.954646320504259	-2.15276562160789	0.130273986469376	0.232720577560923	-2.60174098678913	-2.70438971752628	-0.262289021805323	-0.0947974608886448	0.417824471280363	-2.95281399866522	0.0806776400449172	0.105581213620221	0.454398713892111	0.476124531458249	-0.915031689839457	-3.52018044894285	-2.96132929021412	-3.05569651785887	-0.0335445660490073	-0.161674221886881	-2.66452311340796	-3.29678172736584	0.380993519507981	0.0788400863538095	-0.2462638863796	0.266421921617635	-2.52832397904568	0.0849654820986594	-2.95709251421574	-3.08202411943728	-0.0870719215421457	-0.388186906638647	-0.292032663650931	-3.01294688895693	-3.56756414142127	-0.744509282948028	0.0184499243713843	-0.714688799066081	0.479203599537925	0.0126352111015257	-3.48376641946736	0.581234908714136	0.4896460248232
CD8_2	0.495299653633697	1.38595791677743	0.597476945585207	-2.91503895343496	-2.86674328076416	0.0797486100882058	0.428242702371648	0.367390442569415	0.630597255963735	0.925116642703834	0.310728046937179	-3.3480442646034	0.557614196418873	0.536794504491508	0.335094371445099	-2.59061291967573	-3.64268916212739	1.28453217134897	0.290073705338924	0.319196328036658	-3.40708545629298	-0.224050963339139	-0.0583480772714456	0.0518195047553349	-3.43211208116188	-2.53948059599717	0.123765187094526	0.207730984498906	-2.98845596117841	0.908938735361308	0.196056820705362	-0.0249784960670004	-0.269909641817985	-3.33952897305449	0.143412234513112	0.288737013385114	0.0676837395028327	0.168589355494862	-0.301785748582493	0.0931480039447311	-3.3480442646034	-3.44241149224815	-0.0612410876271572	-0.548389196276159	-3.05123808779723	-3.68349670175512	-0.181805475997195	-0.307874888035469	-0.235041457845492	0.349527527831257	-2.91503895343496	0.397185770571317	-3.34380748860502	-3.46873909382656	-0.37687905434692	-0.218602516811857	-0.134680701581477	0.600381563930656	0.0457643114663141	-0.654131953653046	-0.447445813519044	-0.402445350073906	0.124673069898476	-0.0150595655703128	0.129562033420226	0.0184359132089607	0.470903699639832
CD8_3	-3.6419984492643	-2.14931276484314	-0.360975287936838	-2.45026620777867	-2.40197053510786	-3.93261437521662	-0.0612174105569348	0.0082667520558712	-3.60360868851877	0.310728046937179	1.85466213401642	-2.88327151894711	0.177326125175205	0.15650643324784	0.322774813417134	-2.12584017401944	-3.17791641647109	-2.25073851027159	0.0317477973377655	-0.0611215213581277	-2.94231271063668	0.190808362210929	-4.07071106257627	-0.4686715140908	-2.96733933550559	-2.07470785034087	-0.490603505125544	-4.68922599409516	-2.52368321552212	-2.62633194625926	-4.18427467781517	-0.230618741877254	-0.106145178730053	-2.8747562273982	0.00037309615127315	-0.0593944107352932	0.532456485159128	-0.144752960136671	-4.8370173458493	-3.44212267767584	-2.88327151894711	-2.97763874659185	-0.101612348820017	-4.08365987789673	-2.58646534214094	-3.21872395609883	-4.01808444018613	-0.129407483500151	-0.0542637650149165	0.219541680096266	1.85078550206656	0.163023253365676	1.12100868432814	-3.00396634817027	-0.310033288984198	0.137026104096436	-0.619737841503152	-2.93488911768991	-3.48950637015425	-0.666451511681011	-0.55669637365103	-0.159519423853427	0.0453855263384653	-0.210333911225233	1.77038550614223	-3.81784305097997	0.0905970173707521
CD8_4	-2.99971905095966	-1.5070333665385	0.457388131483704	-1.80798680947402	-1.75969113680322	-3.29033497691198	0.456126870154538	0.47446212924462	-2.96132929021412	-3.3480442646034	-2.88327151894711	-2.24099212064246	-3.18043790379701	0.798785831552485	-3.03498921555508	-1.48356077571479	-2.53563701816645	-1.60845911196695	0.607081440030276	-0.117777385915419	-2.30003331233204	-0.213905978462096	-3.42843166427163	0.395450843391521	-2.32505993720094	-1.43242845203623	-3.84836753409776	0.254105114054707	-1.88140381721747	-1.98405254795461	-3.54199527951052	-0.328693149901861	0.536134219574592	-2.23247682909355	0.229990147468848	-0.0191424337080807	-3.42733496509052	-3.50251698910889	-4.19473794754466	-2.79984327937119	-2.24099212064246	-2.33535934828721	-4.15831164065417	-3.44138047959208	-1.94418594383629	-2.57644455779418	-3.37580504188148	-4.66322223953808	-4.52593105973104	0.685731266981439	-1.80798680947402	0.805302651670321	-2.23675534464408	-2.36168694986562	-3.96880560052478	-0.0657832314357945	-0.416784227916145	-2.29260971938527	-2.84722697184961	-4.02421554065323	-0.215436114055453	-0.47144393317868	0.386645785934042	0.188912091456881	-2.7634292498957	0.824479774601537	0.732876415675397
CD8_5	0.361886875731018	-2.44647914969305	0.383231272251577	-2.74743259262857	-2.69913691995777	0.770223582856577	0.294820273882591	0.725327731026797	0.576360657592449	0.557614196418873	0.177326125175205	-3.18043790379701	0.880120655971542	0.762392036760111	0.502700732251489	-2.42300655886935	-3.475082801321	-2.5479048951215	0.433546453500915	-0.358287906208033	-3.23947909548659	-0.286645253037152	-0.0668257375809524	0.248389464880127	-3.26450572035549	-2.37187423519078	-0.310677586291188	-0.685340669099843	-2.82084960037202	-2.92349833110916	-0.180389352819847	-0.313906074471533	-0.102303281011595	-3.1719226122481	0.333294982887655	0.155315048881278	-4.36678074824507	-0.140911062418212	-0.435205040560409	0.260754364751121	1.12061380604821	-3.27480513144176	-0.796705713963495	-0.380782835469769	-2.88363172699084	-3.51589034094873	-4.31525082503603	-0.456536884922031	-0.766398152746794	0.326065880399306	-2.74743259262857	0.467884289793204	-3.17620112779863	0.698910694256691	-4.90825138367933	-0.528114997991412	-0.234024170601423	-3.23205550253982	0.213370672272704	0.0777353094641538	-0.0245682344011402	-0.565828899433267	0.292279430704866	-0.238657847231192	-3.70287503305025	0.663149052734815	0.395474338314659
CD8_6	0.04005890123529	-2.46729884162041	0.434961943771663	-2.76825228455594	-2.71995661188513	0.594503792182934	0.361150318995047	0.535366307115435	-3.92159476529604	0.536794504491508	0.15650643324784	0.798785831552485	0.762392036760111	0.616635417758399	0.606816157917296	-2.44382625079671	0.504140934028501	-2.56872458704886	0.266599222230161	0.0980078660683797	-3.26029878741395	-0.180423190207343	0.0884385916075798	-0.0333418457850096	-3.28532541228286	-2.39269392711814	-0.109654319040877	-0.0072077279493298	1.15837413497748	-2.94431802303653	-0.502217327315576	0.0866945889026229	0.274804007354613	-3.19274230417547	0.183902316456527	0.134495356953914	0.0895352907886863	0.236196225947996	-0.677867691665449	-3.76010875445311	-3.20125759572438	-3.29562482336912	0.027554022034515	-4.401645954674	-2.90445141891821	-3.5367100328761	-4.3360705169634	-0.261757990369631	-0.282073837825004	0.397560230941967	-2.76825228455594	0.543972439450343	0.803022607550867	-3.32195242494754	-0.327000227052399	-0.247906503803827	-0.223244933960388	-3.25287519446718	-3.80749244693152	-0.984437588458281	-0.27263060199464	-0.653594346972767	0.0795759359136605	-0.0309995772957822	-3.72369472497761	-0.135785700480378	0.550744095901484
DC1	1.10937926976676	-2.30103046145112	0.265440170763187	-2.60198390438664	-2.55368823171584	0.216719638020628	0.389116741268748	0.28250874012581	0.244717042150117	0.335094371445099	0.322774813417134	-3.03498921555508	0.502700732251489	0.606816157917296	1.55122674080047	-2.27755787062742	0.670409314197794	-2.40245620687957	0.181056994323565	0.202128784915869	-3.09403040724466	-0.398158593553352	1.1199958956993	0.203507225471063	0.880986395163299	-2.22642554694885	0.39903200426155	0.849253275639738	-2.67540091213009	-2.77804964286724	-4.33599237442315	0.183724461675569	0.344164545939403	-3.02647392400618	-0.262977700561445	0.300763737123207	-4.22133206000314	0.606581331617528	-0.687683332612053	-3.59384037428381	-3.03498921555508	1.1716952666454	-0.350237887012498	-4.2353775745047	-2.73818303874891	-3.3704416527068	0.307333594167021	-0.134997971652747	-0.474823910466839	0.253459553396079	-2.60198390438664	0.48839786044196	-3.0307524395567	1.14536766506698	-0.461750985592174	-0.507603839995951	-0.064663368851693	-3.08660681429789	-3.64122406676223	-4.81821263556585	-0.356237583906541	-0.663413606813869	0.46769113551877	0.336913433179845	-3.55742634480832	0.729417942550852	0.336806301056349
DC2	-2.24228770603199	-0.749602021610828	-3.26231625454975	-1.05055546454635	-1.00225979187555	-2.53290363198431	-3.26357751587892	0.930885191603923	-2.20389794528646	-2.59061291967573	-2.12584017401944	-1.48356077571479	-2.42300655886935	-2.44382625079671	-2.27755787062742	-0.726129430787127	-1.77820567323878	-0.851027767039281	-3.41364570360675	-3.36038946826461	-1.54260196740437	-0.125470040343906	-2.67100031934396	-3.54609650181961	-1.56762859227327	-0.674997107108561	-3.09093618917009	-3.28951525086285	-1.1239724722898	-1.22662120302695	-2.78456393458286	0.604825835036203	-2.7064778627746	-1.47504548416589	-0.474934575790175	-3.26175451605728	1.33013980711401	-2.74508564418122	-3.43730660261699	-2.04241193444352	-1.48356077571479	-1.57792800335954	-3.4008802957265	-2.68394913466441	-1.18675459890863	-1.81901321286651	-2.61837369695381	-3.90579089461041	-3.76849971480338	-3.556841731014	-1.05055546454635	1.56273399659799	-1.47932399971641	2.39578782233891	-3.21137425559711	0.0896206922144408	-0.26138030426591	-1.5351783744576	-2.08979562692194	-3.26678419572556	0.541995230872215	-3.71405601552787	-3.15697457898352	-3.65572741216975	-2.00599790496803	-2.41813230774766	-2.81074394924216
DC3	-3.29436394848364	-1.80167826406248	0.287678351552891	-2.10263170699801	-2.0543360343272	0.415063552840901	0.38332493180823	-0.121191050847729	-3.25597418773811	-3.64268916212739	-3.17791641647109	-2.53563701816645	-3.475082801321	0.504140934028501	0.670409314197794	-1.77820567323878	1.94787657287426	-1.90310400949093	0.136348902495895	0.064670020244857	-2.59467820985602	-0.136166757836904	0.276966865481249	-0.297121034426036	-2.61970483472493	-1.72707334956021	0.334123299339377	0.260479355239791	-2.17604871474146	-2.2786974454786	0.163403250242354	-0.079277758209539	-3.75855410522626	-2.52712172661754	-0.248298358811444	-0.0127790486637014	-3.72197986261451	0.202881540643989	-0.188331135223416	-3.09448817689518	-2.53563701816645	-2.63000424581119	-0.15190482833293	0.264018050160797	-2.23883084136028	-2.87108945531817	-3.67044993940547	0.0835294962098663	-0.519524247409801	-0.00684712491135498	-2.10263170699801	-3.48938567313053	-2.53140024216807	1.34371157988726	-0.263407070771901	0.0375053654090303	0.230569311195455	-2.58725461690925	-3.14187186937359	-0.0178087283319868	0.143114613482096	-0.164061409425232	0.393020027119126	-0.00882496448259926	-3.05807414741968	0.529834877077553	0.61431553926731
DC4	-2.36718604228414	-0.874500357862983	0.913837119043321	-1.17545380079851	-1.12715812812771	-2.65780196823646	-3.38847585213107	0.805986855351769	-2.32879628153861	1.28453217134897	-2.25073851027159	-1.60845911196695	-2.5479048951215	-2.56872458704886	-2.40245620687957	-0.851027767039281	-1.90310400949093	-0.975926103291435	-3.5385440398589	0.815763905328458	-1.66750030365652	-0.125433259002888	-2.79589865559611	0.630056871773462	-1.69252692852543	-0.799895443360715	-3.21583452542225	-3.41441358711501	-1.24887080854196	-1.3515195392791	-2.90946227083501	0.178904741180481	1.16866722825011	-1.59994382041804	0.0991023508196079	-3.38665285230943	1.20524147086185	-2.86998398043337	-3.56220493886914	-2.16731027069568	-1.60845911196695	-1.7028263396117	-3.52577863197866	1.19119595636029	-1.31165293516078	-1.94391154911867	-2.74327203320597	-4.03068923086257	-3.89339805105553	-3.68174006726615	-1.17545380079851	-2.56220776693103	-1.60422233596857	-1.72915394119011	-3.33627259184927	-4.03532107131458	-0.386278640518064	-1.66007671070975	-2.21469396317409	-3.39168253197772	-3.88395481522517	-3.83895435178003	-3.28187291523567	-3.7806257484219	-2.13089624122018	-2.54303064399981	-2.93564228549432
E1	0.325470938992115	-3.43711829443045	0.199386893296169	-3.73807173736597	-3.68977606469517	0.38164117225888	0.18244543900574	0.129816780698364	0.149982415165856	0.290073705338924	0.0317477973377655	0.607081440030276	0.433546453500915	0.266599222230161	0.181056994323565	-3.41364570360675	0.136348902495895	-3.5385440398589	0.985197889846287	0.233127853542743	0.247017490737134	-0.314690189658301	0.0728487804905084	0.0192404989632103	0.045906844752332	-3.36251337992818	-0.0972103198348988	0.126772539237509	0.188554682167438	0.0859059514302955	-0.773101517263677	-0.0726804844749463	0.037371237059866	-4.16256175698551	0.254645150461199	0.303582484725545	-0.316023259710542	0.442459925449782	-0.216337320392264	0.115176036913682	-0.171033621257553	0.512714212385528	-0.416297786580577	-0.526361163307209	-3.87427087172825	-4.50652948568613	-0.460785725596608	-0.459767939725757	-0.430709712646643	0.215034634722281	0.261971689910889	0.176206463632468	0.134211437309193	0.00927983208765207	-0.898886185493627	-0.58933841034143	-0.220586141164633	-0.222651220000357	-0.0783332096027618	-0.477177766179659	-0.247915389968372	-0.274467165882449	0.0639947032412083	-0.301850605018156	-0.693470750510786	0.173107306139967	0.226016466961785
E2	0.485181980740889	-3.38386205908832	0.276610267857744	-3.68481550202384	0.965551019201256	0.0369590275261579	0.345200743498095	0.0524573444415405	0.576817035567054	0.319196328036658	-0.0611215213581277	-0.117777385915419	-0.358287906208033	0.0980078660683797	0.202128784915869	-3.36038946826461	0.064670020244857	0.815763905328458	0.233127853542743	1.2186025730329	1.1453593579161	-0.40180964356906	0.545998603579566	-0.0160033860507881	-4.20188862975076	-3.30925714458605	0.243287188889417	0.24057786490597	-3.75823250976729	-3.86088124050443	-0.94168824109922	-0.00618891237970251	0.10642168213908	-0.109262094366511	-0.0810735804176681	0.434399422755727	0.187199437141613	0.419995557150647	-0.992381774941249	-0.676628544644148	0.359314917768842	-0.212144613560166	0.146703540460742	-0.276812538869968	-3.82101463638611	-4.453273250344	0.0695876283666567	0.0543417287950132	-0.2660388681213	0.235409655530169	-3.68481550202384	0.158882007887822	-4.1135840371939	0.606588601761385	-0.503209638191052	-0.781254030194028	-0.223585818681471	0.13161329791014	-4.72405566439943	-1.29897338464875	-0.197416587420664	-0.624039363981795	0.611886076372678	-0.264681174670881	-0.640214515168653	-0.274233856660454	0.236238155435167
E3	-3.05876024264923	-1.56607455822807	-0.0787453638901312	-1.86702800116359	-1.81873232849279	-3.34937616860155	0.823045363142879	0.716440076264114	0.979672945373164	-3.40708545629298	-2.94231271063668	-2.30003331233204	-3.23947909548659	-3.26029878741395	-3.09403040724466	-1.54260196740437	-2.59467820985602	-1.66750030365652	0.247017490737134	1.1453593579161	1.94197720582362	-0.464830973015511	0.51257057131566	-0.36252561115999	-2.38410112889052	-1.4914696437258	0.569727005173788	-4.10598778748009	-1.94044500890705	-2.04309373964419	-3.6010364712001	-0.290826500006931	-3.52295039939185	-2.29151802078313	0.0702791845660867	-0.0781836253976549	-3.4863761567801	-3.56155818079846	-4.25377913923423	-2.85888447106077	-2.30003331233204	1.60564288730008	-0.217309405066883	-3.50042167128166	-2.00322713552587	-2.63548574948376	0.866205476274171	-0.245127700266533	-0.584928824143755	0.471789976545586	-1.86702800116359	-3.25378196729612	-2.29579653633365	1.57931528572167	-4.02784679221435	-0.425843561834438	-0.378917578021215	-2.35165091107484	-2.90626816353918	-4.0832567323428	-0.0983932846291307	-0.530485124868254	0.804711372963932	-0.472156521510126	-2.82247044158527	-3.2346048443649	0.372826941417459
M1	-0.27366538611539	-0.626034934851868	-0.259123332140818	-0.625980095219029	-0.401600401432331	-0.181493010909631	-0.18101241635106	-0.197446471632062	-0.223041186186729	-0.224050963339139	0.190808362210929	-0.213905978462096	-0.286645253037152	-0.180423190207343	-0.398158593553352	-0.125470040343906	-0.136166757836904	-0.125433259002888	-0.314690189658301	-0.40180964356906	-0.464830973015511	0.334618942237703	-0.440266350921564	0.0393756678574287	-0.489857597884416	0.293630796550362	-0.102901389299761	-1.09780535844289	0.175645341534869	-0.200002127905811	0.240418100786503	-0.407443403306351	-0.475743894352206	0.139841270098166	-0.1379365839324	-0.526507442383379	-0.274538121901282	-0.653078569162126	-1.1932086829182	-1.21990958482263	-0.882901385271574	-1.15335263403222	-0.371021540556629	0.131539715856271	-1.06318751214967	-0.416733666677172	-0.643591077070702	-0.506955857547011	-0.0784207126559528	-0.191771566033146	-0.449896074103132	-0.264567360763838	0.121322362131207	-0.201976058748611	-0.288509977725806	0.109130842333556	-0.258689461033384	-0.809583866421206	0.127150067959736	0.00441581890827334	-0.209509787517031	0.259378208391555	-0.217209553205141	-0.326999361663789	0.228115801475577	-0.0616122839000995	-0.224822142104416
M10	0.414912253965471	-2.69447291016766	0.361015754727693	-2.99542635310319	-2.94713068043239	-4.47777452054114	0.153281319814615	-0.235870635665082	0.152282876001936	-0.0583480772714456	-4.07071106257627	-3.42843166427163	-0.0668257375809524	0.0884385916075798	1.1199958956993	-2.67100031934396	0.276966865481249	-2.79589865559611	0.0728487804905084	0.545998603579566	0.51257057131566	-0.440266350921564	0.940432499238378	-0.0285678949128911	-3.51249948083011	-2.61986799566539	0.411352504664243	0.950305575250423	-3.06884336084664	0.828551335693082	-0.729391395862827	0.286630345516662	0.348655591591667	-3.41991637272272	-0.362943659327494	0.284737690167845	-0.614731081442826	0.963256946135065	-0.683198801035025	0.313768886844869	0.571611763005234	1.17617979822242	-0.169657029940761	-0.628776595944385	-3.13162548746546	-3.76388410142335	0.0388262630436482	-0.0377477583795496	-0.713366260437105	0.246476182960537	1.00461707417368	-0.0811286093904812	0.575848539003615	0.450916933782075	-0.31114089997712	-0.512868968735709	0.0111895873229971	-3.48004926301443	-4.03466651547877	-1.21161165700553	-0.323714316261669	-0.813822659907883	0.570253314425196	0.395037332552043	-3.95086879352486	-4.36300319630449	0.323570027354232
M11	0.083876360706128	-3.56956909264331	-0.0448564292064897	0.129520891698027	-3.82222686290803	0.259914212956485	0.0098774484881788	0.547037499417532	0.122266121451662	0.0518195047553349	-0.4686715140908	0.395450843391521	0.248389464880127	-0.0333418457850096	0.203507225471063	-3.54609650181961	-0.297121034426036	0.630056871773462	0.0192404989632103	-0.0160033860507881	-0.36252561115999	0.0393756678574287	-0.0285678949128911	0.626931569714864	0.515499752333281	0.806087531704182	-0.0300890964820538	-0.31014108308598	-3.94393954332229	-4.04658827405943	-0.400408308627385	-0.217325320685464	-0.146231882538909	-4.29501255519837	0.0825433274860241	-0.142201835282368	-0.188838524064376	-0.222628060330158	-0.594514897850486	-0.260308156921712	-4.30352784674728	0.602109268531079	-0.577393703241008	-0.600820790057859	-4.00672166994111	-0.161844552937874	-0.660182279421606	-0.680434595600126	-0.474523099456472	-0.056662308139074	0.129520891698027	-0.0811823473687807	0.00176063909632996	0.530024658936323	-0.475037619490422	-0.053696105039631	-0.0844415103442793	0.121990285471041	0.521602674699666	0.286160920235109	0.246402632679286	-0.0994540228590997	0.17839469115139	-0.282569606453958	-0.0478064874358211	0.104325276103405	-0.0396452996739785
M12	0.916256559758726	-1.59110118309698	0.373320314925224	-1.8920546260325	-1.8437589533617	0.92664891637477	0.195975032480162	0.0893860301177765	0.954646320504259	-3.43211208116188	-2.96733933550559	-2.32505993720094	-3.26450572035549	-3.28532541228286	0.880986395163299	-1.56762859227327	-2.61970483472493	-1.69252692852543	0.045906844752332	-4.20188862975076	-2.38410112889052	-0.489857597884416	-3.51249948083011	0.515499752333281	-2.40912775375942	-1.51649626859471	0.0676080766206219	-0.130970985072136	-1.96547163377595	-2.06812036451309	-3.626063096069	0.383109930831856	-3.54797702426075	-2.31654464565203	0.114888208100906	0.674904811021268	-3.511402781649	-3.58658480566737	-4.27880576410314	-2.88391109592967	-2.32505993720094	-2.41942716484569	0.234756273748473	-3.52544829615056	-2.02825376039477	-2.66051237435266	-3.45987285843996	-0.270154325135438	-0.308947166444296	0.379817596064546	-1.8920546260325	-3.27880859216502	-2.32082316120256	1.55428866085276	-4.05287341708326	-0.450870186703342	-0.40394420289012	1.62336589133312	-2.93129478840809	-4.10828335721171	-0.123419909498036	-0.555511749737159	0.00156968680719855	0.347877670520933	-2.84749706645418	-3.2596314692338	-3.65224311072831
M13	-2.19115538235342	-0.698469697932262	-3.21118393087119	-0.999423140867787	-0.951127468196986	-2.48177130830574	-3.21244519220035	0.982017515282489	-2.15276562160789	-2.53948059599717	-2.07470785034087	-1.43242845203623	-2.37187423519078	-2.39269392711814	-2.22642554694885	-0.674997107108561	-1.72707334956021	-0.799895443360715	-3.36251337992818	-3.30925714458605	-1.4914696437258	0.293630796550362	-2.61986799566539	0.806087531704182	-1.51649626859471	-0.623864783429995	-3.03980386549153	-3.23838292718429	-1.07284014861124	-1.17548887934838	-2.73343161090429	-4.12220032984992	-2.65534553909604	-1.42391316048732	-0.423802252111608	-3.21062219237871	-2.61877129648429	-2.69395332050265	-3.38617427893842	-1.99127961076496	-1.43242845203623	-1.52679567968098	-3.34974797204794	-2.63281681098585	-1.13562227523006	-1.76788088918795	-2.56724137327525	-3.85465857093185	-3.71736739112481	-3.50570940733543	-0.999423140867787	-2.38617710700031	-1.42819167603785	-1.55312328125939	0.839801495358317	-3.85929041138386	-0.210247980587344	-1.48404605077903	-2.03866330324337	-3.21565187204699	0.292119271982417	0.337119735427554	0.894201171971912	-3.60459508849118	-1.95486558128946	-2.36699998406909	-2.7596116255636
M2	0.171064024149734	-3.1144087799938	0.12106578959865	-3.41536222292932	-3.36706655025852	-0.0526061461904504	0.210465445887208	-0.132932826924944	0.130273986469376	0.123765187094526	-0.490603505125544	-3.84836753409776	-0.310677586291188	-0.109654319040877	0.39903200426155	-3.09093618917009	0.334123299339377	-3.21583452542225	-0.0972103198348988	0.243287188889417	0.569727005173788	-0.102901389299761	0.411352504664243	-0.0300890964820538	0.0676080766206219	-3.03980386549153	0.737381929195211	0.299920982742663	0.511264196604091	0.709623748435313	-0.195123358059063	0.126502657647795	0.132838075830384	-3.83985224254885	-0.139946948897242	-0.035495553839576	0.169412318442133	0.381470692217767	-0.802109018076852	0.291759997312309	0.452684175747465	0.0573086655343539	0.01964349285888	-0.00735925977544773	-3.55156135729159	0.117231738595746	0.192913699005797	0.155913771028273	-0.0094545056821747	0.168256975127234	0.584681204347543	-0.0239577004971498	0.155912669177483	0.633008485233374	0.00360372551544369	0.0258007193657791	-0.039643072742475	0.401066577004661	-0.454558958028045	-0.376316036264802	-0.442621095201163	-0.308010026176979	0.392033044644327	0.199574179110445	0.106331067610128	-0.180868217576329	0.125481459505834
M3	0.47308236059953	-3.31298784168655	0.17861972915149	-3.61394128462208	1.27945863222555	-0.318130963495344	0.0761271939050648	-0.155421353383141	0.232720577560923	0.207730984498906	-4.68922599409516	0.254105114054707	-0.685340669099843	-0.0072077279493298	0.849253275639738	-3.28951525086285	0.260479355239791	-3.41441358711501	0.126772539237509	0.24057786490597	-4.10598778748009	-1.09780535844289	0.950305575250423	-0.31014108308598	-0.130970985072136	-3.23838292718429	0.299920982742663	1.21676706296573	-3.68735829236553	0.687128707858452	-1.34790632738172	0.462762468693043	0.332197394212482	-4.03843130424161	-0.605394372012119	0.24674203921914	-0.756153709277456	0.77788872239674	-0.495541087204673	0.736626900364298	0.65203209434828	0.812933511471493	-0.131756564428106	-5.24733495474014	-3.75014041898435	-4.38239903294224	0.280639978434015	-0.204358655647057	-0.989460879995554	-0.048345175737582	-3.61394128462208	-0.398624402200303	-0.0426663925152753	-4.16764142501368	-0.774755732749732	-1.07586680929166	0.147856086898355	0.503506654020972	-4.65318144699767	-5.83017001580129	-0.790962104671649	-2.27739840832674	0.449901609777834	0.523611977593485	-4.56938372504375	-0.98147470054652	0.0238119765286048
M4	-2.64013074753467	-1.14744506311351	-3.66015929605243	-1.44839850604903	-1.40010283337823	-2.93074667348699	-3.66142055738159	-3.46700127717562	-2.60174098678913	-2.98845596117841	-2.52368321552212	-1.88140381721747	-2.82084960037202	1.15837413497748	-2.67540091213009	-1.1239724722898	-2.17604871474146	-1.24887080854196	0.188554682167438	-3.75823250976729	-1.94044500890705	0.175645341534869	-3.06884336084664	-3.94393954332229	-1.96547163377595	-1.07284014861124	0.511264196604091	-3.68735829236553	-1.52181551379248	-1.62446424452962	0.817636451191329	0.470220938240767	-3.10432090427728	-1.87288852566856	-0.0946625560050241	0.641454152285273	-3.06774666166553	-3.1429286856839	-3.83514964411967	-2.4402549759462	-1.88140381721747	-1.97577104486222	-3.79872333722918	-3.08179217616709	-1.5845976404113	-2.21685625436919	-3.01621673845649	0.173501794848032	-0.16629932902919	0.0453586547601871	-1.44839850604903	-2.83515247218155	-1.87716704121909	-2.00209864644063	-3.60921729709979	-4.3082657765651	-4.65926677304545	-1.93302141596028	-2.48763866842462	-3.66462723722824	-4.15689952047569	-4.11189905703055	-3.55481762048619	0.247481256172803	-2.40384094647071	-2.81597534925034	-3.20858699074484
M5	-2.74277947827181	-1.25009379385065	-3.76280802678957	-1.55104723678617	-1.50275156411537	-3.03339540422413	-3.76406928811874	-3.56965000791276	-2.70438971752628	0.908938735361308	-2.62633194625926	-1.98405254795461	-2.92349833110916	-2.94431802303653	-2.77804964286724	-1.22662120302695	-2.2786974454786	-1.3515195392791	0.0859059514302955	-3.86088124050443	-2.04309373964419	-0.200002127905811	0.828551335693082	-4.04658827405943	-2.06812036451309	-1.17548887934838	0.709623748435313	0.687128707858452	-1.62446424452962	-1.72711297526677	-3.28505570682268	0.229270989870731	-3.20696963501442	-1.97553725640571	-4.97546977530686	0.936732401841704	-3.17039539240267	-3.24557741642104	-3.93779837485681	-2.54290370668334	-1.98405254795461	-2.07841977559936	0.700698780587972	-3.18444090690423	-1.68724637114845	-2.31950498510633	1.48320537936066	0.371875821714457	-4.26899148704319	-0.057290075976955	-1.55104723678617	-2.93780120291869	-1.97981577195623	-2.10474737717777	0.589185682008295	-0.410871080025379	-0.159844655228297	-2.03567014669742	-2.59028739916176	-3.76727596796538	0.0415034586323948	-4.21454778776769	-3.65746635122334	0.445851664144729	-2.50648967720785	-2.91862407998748	-3.31123572148198
M6	-0.300678782550856	-2.80803652540656	-0.366503423438721	-3.10898996834208	-3.06069429567128	-0.591294708503176	-0.47690777549782	-0.428614049329869	-0.262289021805323	0.196056820705362	-4.18427467781517	-3.54199527951052	-0.180389352819847	-0.502217327315576	-4.33599237442315	-2.78456393458286	0.163403250242354	-2.90946227083501	-0.773101517263677	-0.94168824109922	-3.6010364712001	0.240418100786503	-0.729391395862827	-0.400408308627385	-3.626063096069	-2.73343161090429	-0.195123358059063	-1.34790632738172	0.817636451191329	-3.28505570682268	1.257372451417	0.0235055890537343	-0.463860656725106	-3.53347998796162	-0.31856839400144	-0.475084775676179	-4.72833812395858	-0.803476720700087	-1.0186053754516	-4.10084643823925	-3.54199527951052	-3.63636250715527	-0.681156310957542	0.035774850104548	-3.24518910270435	0.12259571061462	-4.67680820074954	-0.351440482432865	-0.110930039783412	-0.439182080467151	-3.10898996834208	-4.4957439344746	-3.53775850351214	-3.66269010873368	-0.570830069254041	0.23796890692174	-0.196006267834334	-3.59361287825333	-4.14823013071767	-0.0947672234771068	-0.641396828426165	0.376728901341938	-0.516430392640447	0.315222267602238	0.236619301081469	-0.476523384266524	-0.869135025761028
M7	0.0586978737580175	0.405265604202106	0.0993664575057253	0.616188005733058	-0.44941958734005	-0.0307163601097039	0.100123609172757	-0.183922796501308	-0.0947974608886448	-0.0249784960670004	-0.230618741877254	-0.328693149901861	-0.313906074471533	0.0866945889026229	0.183724461675569	0.604825835036203	-0.079277758209539	0.178904741180481	-0.0726804844749463	-0.00618891237970251	-0.290826500006931	-0.407443403306351	0.286630345516662	-0.217325320685464	0.383109930831856	-4.12220032984992	0.126502657647795	0.462762468693043	0.470220938240767	0.229270989870731	0.0235055890537343	0.541490559141925	0.491741282089787	-0.621196997062021	-0.0539483515035755	0.184804078724754	0.0924084397213462	0.290584859546175	0.173916237061457	0.543809000426399	0.391457364341801	0.336598498149463	-0.0318421521715857	-0.459053575440228	-0.633914394373124	0.210906266757648	0.376903006154258	-0.118983274426529	-0.292458867089346	0.0393173635684368	0.104312161266581	0.0239729016241109	-0.227548532318975	-0.273300339114624	-0.355381204851131	-0.575870511367108	-0.0884908888956402	0.432593421132038	-0.536994506740197	-1.08051795290134	-0.625334612050716	-0.782861155607964	0.191702285106309	0.417159706314491	-0.222749651665206	-0.101906788143138	0.139993010406273
