B1	B2	CD4_1	CD4_2	CD4_3	CD4_4	CD45_1	CD45_2	CD8_1	CD8_2	CD8_3	CD8_4	CD8_5	CD8_6	DC1	DC2	DC3	DC4	E1	E2	E3	M1	M10	M11	M12	M13	M2	M3	M4	M5	M6	M7	M8	M9	Mo1	Mo2	Mo3	Mo4	Mo5	Mo6	Mo7	Mo8	N1	N2	N3	N4	N5	N6	N7	NK1	NK2	NKT	S	T1	T10	T11	T12	T2	T3	T4	T5	T6	T7	T8	T9	Treg1	Treg2
B1	1.84137028207045	2.08909703749855	0.597925190324803	0.903655668053349	1.12550020633774	0.0452686862153609	0.509166568420187	-0.0357606065933053	0.775026356032096	0.415051540064881	0.211086494408197	-3.42418763584619	-0.470880126520679	0.508362952847538	0.295720763742536	-3.78574000182495	0.448682011067891	-3.1553636388284	-0.250394337871845	0.0839295486277699	0.408507903756405	-0.420242246761266	0.544985283934282	-0.753719372950654	-0.13769366184831	-0.20722963498066	-0.559273569687111	0.0889857382725167	-2.47014402829937	-4.00140575745323	-3.78735144591956	0.0468693585902753	0.579859205130457	-3.53497312184286	0.147602199190343	0.346306919161237	0.250629733276753	0.179517981479321	0.634010972542181	-0.0632505624604305	-3.75910892705984	0.525107992763479	0.0300719714221287	-3.82136972126736	0.817948292342035	-2.43540056442304	-0.423956660943665	0.0253802710609332	-0.334812071870927	0.489533927449888	-2.84743245229563	0.750712418410041	-0.230450813828571	0.110649840944832	-0.72443568236318	-0.407341571759222	-0.545583097994867	-3.86384181312116	-3.66134267898185	-1.09153291226287	-1.32395594573012	-0.951320197197352	-0.128250037334	0.0465516361919096	-3.61367155562287	0.690816640278441	0.527923872723711
B2	2.08909703749855	3.00433109603671	0.7760602028731	-1.85378135576383	-2.02986379777301	-2.41116005503345	0.177762839274475	-3.19112461070406	0.920742723490517	-3.45630879223807	-2.24534224684062	-1.88057294981814	-2.92730886776949	1.09777373124569	-3.23984941538264	-2.2421253157969	1.293361434234	-1.61174895280035	-3.91090234883175	0.00951732887892314	-2.34892912006077	-1.04093728670266	0.633776062215591	-0.400416071859333	-2.59412240309712	-3.50871919312944	-0.595400195877721	-0.000825613988150705	-0.926529342271323	-2.45779107142518	-2.24373675989151	-0.0386281210174836	1.1148815536424	-1.99135843581482	-0.528848037167903	0.190994159542035	-2.904734270834	-3.50731880853681	-2.29951007239089	-2.9967716073935	-2.21549424103179	-2.2323290310537	-3.70506922925707	-2.27775503523931	2.36156297837008	-0.891785878394993	-3.18139368476084	0.0571326421465104	-3.74544472074964	0.135564399724856	-1.30381776626758	-3.21082423104995	-3.38581481793932	-2.64678718287234	-3.65795672729625	-4.1190018035749	-0.915739366700765	-2.32022712709311	-2.1177279929538	-3.54796165351169	-0.479276522564008	-3.40774893844617	-4.07599844608791	-0.180642998237041	-2.07005686959482	1.08834361581275	0.364010958373714
CD4_1	0.597925190324803	0.7760602028731	0.69539734335635	0.666144153664883	0.875408943523054	0.518936128062159	0.475790071050834	-0.136090294183992	0.69932462438552	0.461550769868317	-0.570477554311868	0.572406803998437	0.0697337602803495	0.316620854410592	0.227364239841903	0.131674639593788	0.43053876767258	0.364124022296763	-0.0457491052196754	0.167190534988325	0.0248708353299118	-0.190937619373602	0.225029825044853	-0.37246987827883	-0.0162057222061996	-0.472168203627186	-0.289178487418865	0.0684040799317955	-3.25170807701944	-0.481918096328072	-0.56887206736276	0.0709839028668239	0.446750177267718	-4.31653717056293	0.276585181975298	0.335594160713664	0.232486489881441	0.231960820333625	0.551405347203568	0.155172360223903	0.237485512784788	0.220650722762878	0.0903262962115147	-0.000862921433130491	0.0363842436219697	-3.21696461314311	-0.00142108402091548	0.112143525406764	-0.0577858091476567	0.458702346275065	0.672055208829529	0.574587081163442	-0.631808687534208	-0.126861673443634	-0.359885137613218	-0.304301137215744	-0.371729750306327	-0.1682701308801	-0.442863300425053	-0.511410664009437	-0.48852812932802	-0.0797141943211602	-0.178460449631939	0.0230516685051089	-0.0941838944977099	0.503484932907631	0.474951602471691
CD4_2	0.903655668053349	-1.85378135576383	0.666144153664883	-2.10982295901007	-2.28590540101926	-2.6672016582797	0.523748657305665	-3.4471662139503	-3.33534230703259	0.287693031792552	1.49865957719	-2.13661455306438	-3.18335047101574	-3.15831129927742	0.504152408647977	-2.49816691904314	-2.9627235962891	-1.86779055604659	-0.166900524801131	0.151402705926252	1.39507270396985	-0.819886586264646	0.553818480085244	-4.9575093849508	1.1498794209335	-3.76476079637568	-0.851441799123965	0.345160204043038	-1.18257094551757	-2.71383267467143	-2.49977836313775	0.258167777405938	0.858839950396153	-2.24740003906106	0.329013625329762	0.235960838864155	-3.16077587408024	0.713775319178067	-2.55555167563714	-3.25281321063975	-2.47153584427803	-2.48837063429994	0.0389325947735524	-2.53379663848555	2.10552137512384	-1.14782748164124	-3.43743528800709	0.19901801919384	-4.00148632399588	0.356615100162873	-1.55985936951383	0.834185875549032	-3.64185642118556	-2.90282878611859	-3.9139983305425	-4.37504340682114	-0.472845707085072	-2.57626873033935	-2.37376959620004	-3.80400325675793	-4.73536155308711	-3.66379054169241	0.36693864080465	0.341430459804544	-2.32609847284106	-3.16774141471035	-3.89207407214939
CD4_3	1.12550020633774	-2.02986379777301	0.875408943523054	-2.28590540101926	2.14008300552585	-2.84328410028888	0.0466470765874094	-3.62324865595948	0.488618678235087	-3.8884328374935	-2.67746629209605	1.68734643220329	0.64061051425194	0.66564968599026	0.328069966638791	-2.67424936105233	-3.13880603829829	-2.04387299805578	-0.0419746842419534	0.276345916701371	-2.7810531653162	-0.431708125963023	0.74570455129176	-0.43461313682119	-3.02624644835255	0.904261005791959	-0.726515958564787	0.0441426444406801	-1.35865338752675	-2.88991511668061	-2.67586080514694	0.00636495234821757	-4.01622118175183	-2.42348248107025	0.29425940814353	-0.241129885713395	-3.33685831608943	-3.93944285379224	-2.73163411764632	-3.42889565264893	-2.64761828628722	-2.66445307630913	0.561785415626302	-2.70987908049474	1.92943893311465	-1.32390992365042	-3.61351773001627	0.403141752199082	-0.177525338728205	0.481555415757254	-1.73594181152301	0.959122572248914	0.182104564082112	-3.07891122812777	-4.09008077255168	-4.55112584883033	-0.648928149094259	-2.75235117234854	-2.54985203820923	-3.98008569876712	-0.911400567819437	-3.8398729837016	-0.508079064066473	-0.311758760924107	-2.50218091485025	0.656219570557322	0.710001974406112
CD4_4	0.0452686862153609	-2.41116005503345	0.518936128062159	-2.6672016582797	-2.84328410028888	-3.22458035754932	0.142457598046436	0.472590817741201	-3.89272100630221	0.207406636207188	-3.05876254935648	1.30605017494286	0.259314256991503	-3.71568999854704	-4.05326971789851	-3.05554561831276	0.479941131718136	-2.42516925531622	0.317073981924315	0.150320234361555	-3.16234942257664	0.00293208312223687	-0.00356021918438018	0.0165921101566614	-3.40754270561299	-4.3221394956453	0.082499169111503	-0.513237633935655	-1.73994964478719	-3.27121137394105	-3.05715706240738	-0.0950915906473671	0.301461251126528	-2.80477873833068	0.35665910596348	-0.622426142973833	-3.71815457334986	-0.320695683775817	-3.11293037490676	-3.81019190990937	-3.02891454354766	0.954294093707297	-0.518446104496072	-3.09117533775518	1.54814267585422	-1.70520618091086	-3.99481398727671	-0.455268521660288	-4.55886502326551	0.0210793600709249	-2.11723806878345	-4.02424453356582	-4.19923512045519	-3.46020748538821	-4.47137702981212	-0.631370396245539	-0.224051761005454	0.866395997667886	-2.93114829546967	-0.060330246182329	0.0294811104412188	0.0798824688831932	0.0648285863029868	-0.0910113123907331	-2.88347717211069	0.575931595865247	0.249525918719783
CD45_1	0.509166568420187	0.177762839274475	0.475790071050834	0.523748657305665	0.0466470765874094	0.142457598046436	0.55740473763072	-0.0732407913053109	0.576972624449375	0.314786005555753	0.229095607813381	0.195937924542285	-0.0726648381010672	0.441392366318303	0.115394488628077	0.574730481990234	0.0687815143954434	0.163753638991712	-0.0350722945209662	0.0426334740528947	-0.573426528268712	-0.120947310722492	0.222127203264948	-0.298642658168697	-0.818619811305063	0.0301687137316419	-0.164845927745165	0.0690565698657729	0.848973249520737	-0.682288479633124	-0.468234168099448	0.0704160678767608	0.451433654627145	-4.21589927129962	0.283994237854584	0.247443491407348	0.125999811524926	0.0743210085468702	0.254107580688995	-0.142127577725079	0.037100654444533	0.242108823600299	0.0747117390350969	-0.201244160878887	0.137022142885282	-3.1163267138798	0.00904049808535315	0.0565850334934514	-0.100753249619425	0.455048305397587	-3.52835860175238	0.59805909107653	-0.434261499081547	-0.0262237741803215	-0.134308760249687	-0.294324228626762	-0.322758193799994	-0.544724535301048	-4.3422688284386	-0.32534290660532	-0.405007490677588	-0.200924401276878	-0.0501190352782187	0.0511389239815276	-0.294554277802761	0.368910688539128	0.404244754651131
CD45_2	-0.0357606065933053	-3.19112461070406	-0.136090294183992	-3.4471662139503	-3.62324865595948	0.472590817741201	-0.0732407913053109	0.595703582377652	-0.0706147134185211	0.180757825619645	-3.83872710502709	-3.47395780800461	0.178284964182836	0.106416294336652	0.121013061337648	-3.83551017398337	-4.30006685122933	-3.20513381098682	-0.182065844220264	0.0445001974959033	0.358737731597984	-0.0500342347009584	0.119552545452071	0.283786684666601	0.28962846967753	-0.624968320354784	0.0664442650368969	-0.315498012744239	-2.51991420045779	0.249875780233572	-3.83712161807798	-0.184860930445543	-0.223234659776113	-3.58474329400129	0.030012327592897	-0.198311428933344	-0.498075701743604	-0.498632818168987	-3.89289493057736	-0.113020734618851	-3.80887909921826	0.174329538036695	-0.696383238889242	0.128903533851082	0.768178120183614	-2.48517073658146	-4.77477854294731	-0.606852449841003	-0.297432945664175	-0.179107999031232	1.40384908539117	-0.202138240682126	-0.134095431948965	0.458806649079984	-0.297094250575964	-0.0134157888372543	0.0210321741494316	0.387439724565647	-3.71111285114027	-0.0621616465449301	0.245358735730795	-0.700082086787409	0.108768669932801	-0.296948581334851	0.336601699495571	-0.0279489386894583	-0.0533231727470426
CD8_1	0.775026356032096	0.920742723490517	0.69932462438552	-3.33534230703259	0.488618678235087	-3.89272100630221	0.576972624449375	-0.0706147134185211	1.18732714747626	0.618433963632344	-3.72690319810938	1.23993694746739	0.0682659119228695	0.461273596876891	-0.0224316765126044	0.276357160211205	0.112808765533607	0.906733523207753	-0.0914311329695493	-0.0488186432114977	-3.83049007132953	-0.170358954117197	0.0816148771457862	-0.63895944778344	-4.07568335436588	-4.9902801443982	-0.474943497360535	-0.227155074690049	1.59195313373678	-3.93935202269395	-3.72529771116027	0.0756159229551916	0.615584054389651	-3.47291938708358	0.351275609127712	0.322174696969689	0.215775626451537	0.266395158038152	0.519980686185572	-0.478289131385403	0.302988234976314	0.286153444954404	-0.0105360261832519	-3.75931598650807	0.880002027101323	-2.37334682966375	0.240140779609435	0.113369701181615	-0.147820806865171	0.567774403190043	-2.78537871753634	0.669344541931654	-0.566324059362856	0.17270357570412	-0.294413434388189	-0.278341392045703	-0.619191771039212	-3.80178807836187	-3.59928894422256	-0.728470894935223	-0.580667849841454	-0.412174158753803	-0.23533803455871	0.14393327578582	-3.55161782086358	0.509834652906166	0.545165355627077
CD8_2	0.415051540064881	-3.45630879223807	0.461550769868317	0.287693031792552	-3.8884328374935	0.207406636207188	0.314786005555753	0.180757825619645	0.618433963632344	0.54245526765908	-4.1039112865611	0.561909720306605	0.444573568554208	0.469612740292527	0.18033743160412	-0.100650928240517	-0.264199322918115	1.00681773844029	-0.00604264620635157	0.0726133105172953	-0.207454732504393	-0.0741235710152271	-0.0344815925681638	-0.0902146582284355	0.0244442881435172	-0.0248635779663731	-0.121574000962075	-0.00210498136786616	-2.78509838199181	-0.316316683868804	0.374829931349132	-0.0279715613289337	0.190803289348693	-3.8499274755353	0.25302103218605	0.22447685202261	0.412790843788096	0.0490871700737025	0.319056618849747	-0.156361956975188	0.226988429092956	-4.09089807077418	-0.0584869334895084	-0.136280647682931	0.502993938649602	-2.75035491811548	0.00143390879060777	-0.0343018744813307	-0.242284036219755	0.356133540687053	-3.16238680598807	0.498809627063845	-0.244379514736699	0.193622467545971	-0.613430351377698	-0.102509000844758	-0.242872788922203	-4.17879616681359	0.324754677170943	-0.151255775388445	-0.147557011201164	-0.120186840396047	-0.0424723263304677	0.0289307677034815	-3.9286259093153	0.00788963738009646	0.419212873387179
CD8_3	0.211086494408197	-2.24534224684062	-0.570477554311868	1.49865957719	-2.67746629209605	-3.05876254935648	0.229095607813381	-3.83872710502709	-3.72690319810938	-4.1039112865611	2.18624012398958	-2.52817544414117	0.425132065184339	-3.5498721903542	-3.88745190970567	1.11031561715693	-3.35428448736589	-2.25935144712338	-0.081369112193658	-0.462001144328211	-2.9965316143838	0.168749891315073	-4.31487814195267	-0.118618799983407	-3.24172489742015	-4.15632168745247	-0.129099424456844	0.129686952976646	-1.57413183659435	-3.10539356574822	-2.89133925421454	-0.0841752771261701	-4.23169963081943	-2.63896093013785	-0.0625472657470255	0.0204839689032643	-3.55233676515703	0.146130406985383	-2.94711256671392	-3.64437410171654	-2.86309673535482	-2.87993152537673	-4.3526717235801	-2.92535752956234	1.71396048404705	-1.53938837271802	-3.82899617908387	0.0115738536172912	0.30593147506613	-0.512038094598175	2.34963144925461	0.14161670190388	0.267634397582874	-3.29438967719538	-4.30555922161928	0.233400045025175	-0.0862625859351366	-2.96782962141614	-2.76533048727683	-4.19556414783472	-0.0477375790106739	-0.055308005492334	-0.723557513134074	0.125958415069825	2.06049912464684	0.44074112148972	-4.28363496322618
CD8_4	-3.42418763584619	-1.88057294981814	0.572406803998437	-2.13661455306438	1.68734643220329	1.30605017494286	0.195937924542285	-3.47395780800461	1.23993694746739	0.561909720306605	-2.52817544414117	-2.16340614711869	-3.21014206507005	-3.18510289333173	-3.5226826126832	-2.52495851309745	1.01052823693345	2.10546127717596	0.107316163712922	-0.574324150989995	-2.63176231736133	0.123345671111091	0.0499345823466728	-0.081205563366075	-2.87695560039768	-3.79155239042999	-0.179298130316339	-4.28370223856557	-1.20936253957188	-2.74062426872574	-2.52656995719206	-0.467586872356064	0.133113093479905	-2.27419163311537	0.392398035242634	-0.0918390377585192	-3.18756746813455	0.209891421439496	-2.58234326969145	-3.27960480469406	-2.49832743833234	-2.51516222835425	-3.98790242655762	-2.56058823253987	2.07872978106953	-1.17461907569555	-3.4642268820614	-4.52675226499927	-0.0282344907733291	0.454758623701734	-1.58665096356814	0.506385998926357	-3.66864801523988	-2.9296203801729	-3.94078992459681	-0.40179157359859	-0.244368656371422	1.3969831028832	-2.40056119025435	-3.83079485081224	-0.285017416180301	0.309461291530143	-0.358788216111597	-4.46351962281446	-2.35289006689538	0.805510418512197	0.926238577973123
CD8_5	-0.470880126520679	-2.92730886776949	0.0697337602803495	-3.18335047101574	0.64061051425194	0.259314256991503	-0.0726648381010672	0.178284964182836	0.0682659119228695	0.444573568554208	0.425132065184339	-3.21014206507005	1.12333506824678	-0.231795384006218	-0.268366820789324	0.428348996228058	-4.03625110829477	-2.94131806805226	0.327731433750621	-0.342347609510966	0.321545191964182	0.24434749221297	-0.996801335604681	0.0862347302216761	0.0763519089278317	0.4404675783259	-0.0111983563956811	-1.02938644667169	-2.25609845752323	-3.78736018667709	-3.57330587514342	-0.505730452791308	-0.436530520787188	-3.32092755106672	0.323383293968059	-0.0246716899659636	-0.234259958809042	-0.535836213943494	-3.6290791876428	-4.32634072264541	-3.5450633562837	-3.56189814630561	-1.03459491723211	-3.60732415049122	1.03199386311818	-2.2213549936469	-4.51096280001275	-0.795329694385933	-0.47294298744725	-0.047917005033313	-2.63338688151949	0.0616775022524364	-0.0164052430524297	0.0236871291526101	-0.987482415271299	-0.0335959004958081	-0.291108917241055	-3.64979624234502	-3.44729710820571	-0.0324265245867696	0.00402495969492038	0.563714113432889	-0.201444864351859	-0.556008205859051	-3.39962598484673	0.45770976342278	0.113583280998171
CD8_6	0.508362952847538	1.09777373124569	0.316620854410592	-3.15831129927742	0.66564968599026	-3.71568999854704	0.441392366318303	0.106416294336652	0.461273596876891	0.469612740292527	-3.5498721903542	-3.18510289333173	-0.231795384006218	0.0942520703004648	0.154599331242568	0.453388167966378	0.465923794404676	1.08376453096293	-0.0393381380027622	-0.0645841301028035	-3.65345906357436	-0.130666544631788	0.174325546627377	-0.426212985722626	-3.89865234661071	0.228147496628907	-0.42285086430265	0.125966387875488	-2.23105928578491	-3.76232101493877	-3.5482667034051	0.129801235050238	0.453797574873555	-3.2958883793284	0.252938778695331	0.333580371142754	0.091787495497641	0.392273944937554	-3.60404001590448	-0.000249841061866537	0.480019242731486	-3.53685897456729	0.136531964999946	0.417758448523963	1.0570330348565	-2.19631582190858	-4.48592362827443	0.236881535756046	0.330238387004951	0.512233171089221	-2.60834770978117	0.785677992567423	-0.0882739128986143	0.0487263008909294	-0.263507980671043	-0.382135113816554	-0.345250895040593	0.676294639238529	0.577785490809474	-4.85249159702528	-0.553398417310276	-0.110208033405459	0.110834705180461	0.00614672575446259	-3.37458681310841	0.260905975983423	0.338193474290508
DC1	0.295720763742536	-3.23984941538264	0.227364239841903	0.504152408647977	0.328069966638791	-4.05326971789851	0.115394488628077	0.121013061337648	-0.0224316765126044	0.18033743160412	-3.88745190970567	-3.5226826126832	-0.268366820789324	0.154599331242568	1.08182922115682	0.592900752299169	0.429366832656774	-3.25385861566541	-0.17279896042863	0.119434783983289	0.00900464435103272	-0.288638520899659	0.454043431851188	-0.200562331873561	0.365838782592114	-0.548758007440199	-0.224715639669546	0.51235763703732	-2.56863900513638	-4.09990073429024	-3.88584642275657	0.0562214485419818	0.205158573292629	-3.63346809867987	-0.015664786142433	0.239038035742993	0.0552269148552407	0.341934623380085	-3.94161973525595	0.440303594894666	0.142439523380017	0.426613015926471	0.129943810243398	-3.91986469810437	0.719453315505027	-2.53389554126005	0.0795920680131387	0.0633617640521933	-0.086522216483733	0.233774788702793	-2.94592742913264	0.489490760968538	-0.425853632250083	0.410081844401397	-0.186119697140539	-0.204807759300783	-0.0420184807241724	0.33871491988706	-3.75983765581886	-0.286975900737707	-0.13915792727651	-0.748806891465997	0.0948059158347352	0.190041557971134	0.287876894816984	-0.0766737433680456	0.355327333797373
DC2	-3.78574000182495	-2.2421253157969	0.131674639593788	-2.49816691904314	-2.67424936105233	-3.05554561831276	0.574730481990234	-3.83551017398337	0.276357160211205	-0.100650928240517	1.11031561715693	-2.52495851309745	0.428348996228058	0.453388167966378	0.592900752299169	1.41454083076902	-3.35106755632217	-2.25613451607966	-0.0781521811499386	-0.157761455680924	-2.99331468334008	0.0306379015568549	-0.311617783632085	-0.115401868939688	-3.23850796637643	0.324030974552375	0.0612029806970664	-0.0431837559900299	-1.57091490555063	-3.1021766347045	-2.88812232317082	0.0951323959575291	-4.22848269977572	-2.63574399909413	0.00281712661849862	-0.453391403737277	-3.54911983411331	-4.15170437181612	-2.94389563567021	-3.64115717067282	-2.8598798043111	-2.87671459433301	-4.34945479253638	-2.92214059851862	1.71717741509077	-1.5361714416743	0.174264179236709	-0.0432003868012018	-0.389786856752087	-0.207812880986092	-1.94820332954689	0.1448336329476	-4.03020038121863	-3.29117274615166	-0.302298863298703	-0.0644086767154107	-0.0550170217688983	-2.96461269037242	-2.76211355623311	-0.192303789514137	0.0523886412223944	-4.05213450172548	-0.118313160812922	-0.0469135002285248	-2.71444243287413	-3.55608537474342	0.196717698778663
DC3	0.448682011067891	1.293361434234	0.43053876767258	-2.9627235962891	-3.13880603829829	0.479941131718136	0.0687815143954434	-4.30006685122933	0.112808765533607	-0.264199322918115	-3.35428448736589	1.01052823693345	-4.03625110829477	0.465923794404676	0.429366832656774	-3.35106755632217	1.38849846341982	-2.72069119332562	-0.116749173717986	0.212308294481701	-3.45787136058605	-0.172198892064106	0.427904808833045	-0.395435003898835	-3.7030646436224	0.0813172564840885	-0.500263166691904	0.367311420575236	-2.0354715827966	-3.56673331195046	-3.35267900041678	-0.019546290104724	0.0851191115430137	-3.10030067634009	0.133019042763823	0.383040658870861	0.287375198485956	0.383743293861018	-3.40845231291617	-4.10571384791878	0.675606945719801	-3.34127127157897	0.362082684560236	-3.38669727576458	1.25262073784481	-2.00072811892027	0.186799805675007	0.337335658118889	0.0998603736318488	0.369003386806266	-2.41276000679286	0.379212218563574	-0.0176213275034716	0.244314003879244	-0.465847257976301	-0.0238213471122176	-0.095305597854225	-3.42916936761838	-3.22667023347907	-4.65690389403696	-0.245837535482598	-0.516647751694577	-0.230693351706419	0.0325926967587792	-3.1789991101201	-4.02064205198938	0.459147987559532
DC4	-3.1553636388284	-1.61174895280035	0.364124022296763	-1.86779055604659	-2.04387299805578	-2.42516925531622	0.163753638991712	-3.20513381098682	0.906733523207753	1.00681773844029	-2.25935144712338	2.10546127717596	-2.94131806805226	1.08376453096293	-3.25385861566541	-2.25613451607966	-2.72069119332562	-1.62575815308311	-3.92491154911451	-4.30554358124907	-2.36293832034354	-0.35601122412349	0.619766861932827	-0.414425272142097	1.39191182389698	-3.5227283934122	-0.308401113592122	-0.0148348142709144	-0.940538542554087	-2.47180027170795	-2.25774596017427	0.143655067794859	0.401937090497696	-2.00536763609758	0.235257823837161	0.176984959259271	1.0812999561601	0.478715418457287	1.68652415460321	-3.01078080767627	-2.22950344131455	-2.24633823133646	0.280964997737032	-2.29176423552207	2.34755377808732	-0.905795078677757	-3.19540288504361	0.219207462979644	0.717681809928722	0.598647503126353	-1.31782696655035	-3.22483343133271	-3.39982401822208	-2.66079638315511	-3.67196592757902	-4.13301100385766	-0.327721145706097	-2.33423632737587	-2.13173719323656	-3.56197085379445	-4.49332915012363	-3.42175813872893	0.211044063474557	0.282440105164456	-2.08406606987759	-2.92570901174688	-3.65004166918591
E1	-0.250394337871845	-3.91090234883175	-0.0457491052196754	-0.166900524801131	-0.0419746842419534	0.317073981924315	-0.0350722945209662	-0.182065844220264	-0.0914311329695493	-0.00604264620635157	-0.081369112193658	0.107316163712922	0.327731433750621	-0.0393381380027622	-0.17279896042863	-0.0781521811499386	-0.116749173717986	-3.92491154911451	0.998651552007325	0.273824875667094	0.0368869737638614	-0.0596770620866932	-0.154362793042739	-0.227169832652928	-0.430149268450165	0.0354513101740279	-0.259271263381174	0.126877601839084	-3.23969193858549	-0.770910240462487	0.221259132359017	-0.0975596492724402	-0.234500957011582	-0.304477604852118	0.223898956865459	0.256186218612279	-0.217892524225058	0.183840398925989	0.29042274693398	0.658549211829328	-0.227605127500727	-0.0683558964067398	-0.0182313912769675	-0.113781900592353	0.0484003820559192	-3.20494847470916	-0.0966145352285165	-0.0643211353415383	-0.0542855132868366	0.0678712907061362	0.383063064695115	0.0200824578257636	-0.236577918789933	-0.482814048225387	-0.452604067690641	-0.199168035523603	-0.175482746967181	-0.332338013562048	-0.430847161991103	-0.207910770952733	-0.234975223946214	0.53436121161762	-0.236872392177938	-0.132120996986829	0.218851382645308	0.00558906826590647	0.181139024977189
E2	0.0839295486277699	0.00951732887892314	0.167190534988325	0.151402705926252	0.276345916701371	0.150320234361555	0.0426334740528947	0.0445001974959033	-0.0488186432114977	0.0726133105172953	-0.462001144328211	-0.574324150989995	-0.342347609510966	-0.0645841301028035	0.119434783983289	-0.157761455680924	0.212308294481701	-4.30554358124907	0.273824875667094	0.813873653781256	0.770190276278207	-0.324166782987519	0.0750925300446005	-0.216285434098885	0.0545076233377049	-0.512316855235277	-0.202167010157122	0.0998244466556218	-3.62032397072004	-0.306481455697077	-0.238552698201428	-0.0240080413527534	0.00314182968185631	-0.685109636986671	-0.0850155240256685	0.213159530969415	-0.0544596140928355	0.158722235002561	0.12064199218116	0.00840463708189111	-0.210310179341707	0.352632227204829	0.187723559477479	-0.126445419511204	-0.332231650078634	-3.58558050684371	0.0169068462683602	0.201535552940462	-0.00626989806771352	0.0405169601564522	-3.9976123947163	-0.188614680682977	-0.380638573463925	-0.0395496441901013	-0.131643006081814	-0.397822917016492	-0.0927777051322343	0.162072398800749	-0.334386890441396	-0.517479592936839	-0.166220827596171	-0.220729403174361	0.0845130280049391	-0.0737639069627614	0.0812527461332857	-0.225281388644653	0.0165260727268724
E3	0.408507903756405	-2.34892912006077	0.0248708353299118	1.39507270396985	-2.7810531653162	-3.16234942257664	-0.573426528268712	0.358737731597984	-3.83049007132953	-0.207454732504393	-2.9965316143838	-2.63176231736133	0.321545191964182	-3.65345906357436	0.00900464435103272	-2.99331468334008	-3.45787136058605	-2.36293832034354	0.0368869737638614	0.770190276278207	1.89988585531914	-0.179385165549435	0.0586707157882999	0.115545748586532	0.654731656636552	0.0411431491726018	-0.170538836355195	-0.451006698962975	-1.67771870981451	-3.20898043896837	-2.9949261274347	-0.0551369932419751	-0.335243076762728	-2.742547803358	-0.133949694217352	0.138740054860784	-3.65592363837718	-0.258464748803137	-3.05069943993408	-3.74796097493669	-2.96668360857498	-2.98351839859689	0.0208771341608686	-3.0289444027825	1.6103736108269	-1.64297524593818	-3.93258305230403	-0.995065007965041	-0.019498357331702	0.229435849081632	-2.05500713381077	-3.96201359859314	-4.13700418548251	-3.39797655041553	-0.108094384994215	-0.393055440156962	-0.0759064409201495	-3.0714164946363	-2.86891736049699	-4.29915102105488	0.0247656004596678	0.31819742497177	-0.0490293250664027	-0.454740062095968	-2.82124623713801	-3.6628891790073	-0.08617012660111
M1	-0.420242246761266	-1.04093728670266	-0.190937619373602	-0.819886586264646	-0.431708125963023	0.00293208312223687	-0.120947310722492	-0.0500342347009584	-0.170358954117197	-0.0741235710152271	0.168749891315073	0.123345671111091	0.24434749221297	-0.130666544631788	-0.288638520899659	0.0306379015568549	-0.172198892064106	-0.35601122412349	-0.0596770620866932	-0.324166782987519	-0.179385165549435	0.310266371914805	-0.506290447973667	0.0413713457544162	-0.289174562027695	-0.199143646672639	-0.0399023104296498	-0.854160289757435	0.329208386405536	-0.332829135052846	0.199513567837474	-0.332172422966398	-0.488261873646949	0.167461679786054	0.149033324913334	-0.436712414466622	-0.220870109830891	-0.765868055328645	-0.344809288006343	-1.0975879139719	-1.3576834926485	-1.07349914396134	-0.428978820854663	0.203283806377563	-1.08167798309186	-4.33502683985693	-0.892240082151519	-0.44140064853157	-0.0382362420368034	-0.204600701217881	-0.446007017884297	-0.254391298005198	-0.221600648953401	-0.0566039867230017	-0.321601125358435	0.111699242798403	-0.113856684147943	-0.207164381415877	0.39327403757274	0.163829644208837	-0.0110836888718621	0.322778952336752	-0.109982738585977	-0.353248527544571	0.0430058760824104	0.107457374729596	-0.149854453557331
M10	0.544985283934282	0.633776062215591	0.225029825044853	0.553818480085244	0.74570455129176	-0.00356021918438018	0.222127203264948	0.119552545452071	0.0816148771457862	-0.0344815925681638	-4.31487814195267	0.0499345823466728	-0.996801335604681	0.174325546627377	0.454043431851188	-0.311617783632085	0.427904808833045	0.619766861932827	-0.154362793042739	0.0750925300446005	0.0586707157882999	-0.506290447973667	0.731535935389657	-0.242086848049483	-0.186522567248051	-0.675159672602449	-0.0532561040748363	0.547643264984289	-2.99606523738337	-0.226275256692009	-0.012220945158333	0.131665350345361	0.254852523435892	-4.06089433092687	-0.143582347164305	0.311746815513311	-0.0711747503070096	0.491331529289005	0.108089763458179	0.164143973538628	0.317040712410456	0.777319938987479	0.238232521980978	-4.34729093035136	0.292027083258034	-2.96132177350704	0.110800144377473	0.207683251704841	-0.202195699888411	0.267382474797492	0.626689765897229	0.263709159027878	-0.309219575280771	0.237924256922364	-0.00321593338473771	-0.331204599069319	-0.0131158044105656	-0.0887113123599332	-4.18726388806585	-0.338741661916494	-0.230792301194786	-0.778306143419417	0.0158339605483508	0.16475119438117	-0.13954933743001	-0.282257016437363	0.243822130600767
M11	-0.753719372950654	-0.400416071859333	-0.37246987827883	-4.9575093849508	-0.43461313682119	0.0165921101566614	-0.298642658168697	0.283786684666601	-0.63895944778344	-0.0902146582284355	-0.118618799983407	-0.081205563366075	0.0862347302216761	-0.426212985722626	-0.200562331873561	-0.115401868939688	-0.395435003898835	-0.414425272142097	-0.227169832652928	-0.216285434098885	0.115545748586532	0.0413713457544162	-0.242086848049483	0.320935599618727	0.153408528116916	-0.147064222137031	0.19652708013961	-0.760204600253581	-4.0302573714583	0.0617312238189919	-0.502360544901657	-0.310492570949254	-0.812763323232754	-0.191991049362751	-0.217312184715378	-0.708657042831911	-0.365008636502992	-0.895042658908095	-0.926102370616744	-1.40152094644168	-1.01817056037354	-0.637078370101873	-0.684945290939874	-0.302298199273058	-0.74216505081689	0.305537802263259	-1.08099901695986	-0.663699876218146	-0.161643699544475	-0.493990646926347	0.291432894684242	-0.691301935805775	0.0703638975501537	0.317671020878549	-0.268924227811885	0.0342283438330644	0.0803424001706689	0.0945600996396951	0.0795761449901872	0.211037905193312	0.270346004509639	-0.0431294895017961	0.0714248922579882	-0.29407555550689	0.0023092555607804	-0.123332681173165	-0.291054023631874
M12	-0.13769366184831	-2.59412240309712	-0.0162057222061996	1.1498794209335	-3.02624644835255	-3.40754270561299	-0.818619811305063	0.28962846967753	-4.07568335436588	0.0244442881435172	-3.24172489742015	-2.87695560039768	0.0763519089278317	-3.89865234661071	0.365838782592114	-3.23850796637643	-3.7030646436224	1.39191182389698	-0.430149268450165	0.0545076233377049	0.654731656636552	-0.289174562027695	-0.186522567248051	0.153408528116916	1.40949928924644	-4.50510184370898	0.0894158684206929	-0.0941562762055134	-1.92291199285086	-3.45417372200472	-3.24011941047105	0.111111503076056	0.264624457100884	-2.98774108639435	-0.483877481752372	-0.106453228175567	-3.90111692141354	-0.503658031839488	-3.29589272297043	-3.99315425797304	-3.21187689161133	-3.22871168163324	-0.701408452559743	-3.27413768581885	1.36518032779055	-1.88816852897453	-0.177732908063518	-0.763165987317131	-0.264691640368053	-0.25879082957725	-2.30020041684712	-0.207163454352627	0.31678122161994	-3.64316983345188	-0.353287668030566	-0.270280209977611	0.18820544523842	0.984441932172579	-3.11411064353334	-0.243292594246	0.147547724010742	-4.4041315890257	-0.169285681028406	0.237905942237555	-3.06643952017436	-3.90808246204365	0.066563570656112
M13	-0.20722963498066	-3.50871919312944	-0.472168203627186	-3.76476079637568	0.904261005791959	-4.3221394956453	0.0301687137316419	-0.624968320354784	-4.9902801443982	-0.0248635779663731	-4.15632168745247	-3.79155239042999	0.4404675783259	0.228147496628907	-0.548758007440199	0.324030974552375	0.0813172564840885	-3.5227283934122	0.0354513101740279	-0.512316855235277	0.0411431491726018	-0.199143646672639	-0.675159672602449	-0.147064222137031	-4.50510184370898	1.8787177681658	-0.248744248955615	-1.9118050546	-2.83750878288317	-4.36877051203704	0.322419530457763	-0.43487613381807	-1.19402486726303	-3.90233787642667	-0.204342205652351	-1.02105001820788	-0.514662001600623	-0.941162518187541	-4.21048951300275	-4.90775104800536	-4.12647368164364	-4.14330847166555	-0.315016502737957	0.112317233994063	0.450583537758232	-2.80276531900685	-0.393394435233895	-0.521429042744989	-0.0543630842986796	0.105355695556665	-3.21479720687943	-0.0426188065085753	1.49559750099457	-4.5577666234842	-0.392842013565529	-0.668251519936384	-0.650670686004241	0.0698451421402657	0.448428297395471	-0.180185207416295	-0.273027763274579	0.00349298373993919	-0.873031193678986	-0.977719173104984	0.49609942075445	0.323451885694638	-0.643916493875962
M2	-0.559273569687111	-0.595400195877721	-0.289178487418865	-0.851441799123965	-0.726515958564787	0.082499169111503	-0.164845927745165	0.0664442650368969	-0.474943497360535	-0.121574000962075	-0.129099424456844	-0.179298130316339	-0.0111983563956811	-0.42285086430265	-0.224715639669546	0.0612029806970664	-0.500263166691904	-0.308401113592122	-0.259271263381174	-0.202167010157122	-0.170538836355195	-0.0399023104296498	-0.0532561040748363	0.19652708013961	0.0894158684206929	-0.248744248955615	0.336373611947666	-0.460753690946298	0.0758102143685407	0.307933800283698	-0.287193295621748	-0.234836474311872	-0.457949039629235	-0.290083616313016	-0.284302405239391	-0.561240223799519	-0.279187817039846	-0.56550292736642	-0.519055454463202	-1.14937123385368	-0.368093867491961	-0.188636268418764	-0.296232749148583	-0.673388057322015	-0.636140892266915	0.11055367824487	-0.747732182743752	-0.236442382917462	-0.0957655234579556	-0.402790259633106	-4.30152163690458	-0.536429319721403	-0.0217906637350807	0.0958724256105127	0.012725411952978	0.0532625291490564	0.135498641835791	0.00429036506784891	-0.337273375026109	0.0806749458964336	0.157251884229191	-0.215120830722975	0.132853754365701	-0.201581913001185	-0.0677563973087164	-0.131251707893934	-0.222116465245756
M3	0.0889857382725167	-0.000825613988150705	0.0684040799317955	0.345160204043038	0.0441426444406801	-0.513237633935655	0.0690565698657729	-0.315498012744239	-0.227155074690049	-0.00210498136786616	0.129686952976646	-4.28370223856557	-1.02938644667169	0.125966387875488	0.51235763703732	-0.0431837559900299	0.367311420575236	-0.0148348142709144	0.126877601839084	0.0998244466556218	-0.451006698962975	-0.854160289757435	0.547643264984289	-0.760204600253581	-0.0941562762055134	-1.9118050546	-0.460753690946298	0.863173421865949	-3.32965863101875	-0.082761871607922	-0.345814338793711	0.324224090107182	0.305029867691405	-4.39448772456224	-0.266439668374148	0.390965924440776	-0.353616224674665	0.59334272191539	0.142464883038504	0.582370789288485	0.682408637351746	0.811701262590044	0.192831694806672	-0.203748593025616	-0.0415663103773442	-3.29491516714242	0.290538868942353	0.192429753778191	-0.485815233698079	0.145691615463051	0.594104654830215	0.0936175078575297	-1.48789239684152	-0.271757983055083	-0.121566264236291	-0.635639803131403	-0.0515056405094583	-0.723312988563674	-4.52085728170123	-0.996843607352356	-0.703472003682985	-1.0327197386289	0.0340899984517505	0.360173210220228	0.00394957261887309	-0.36058176530478	0.040019850308965
M4	-2.47014402829937	-0.926529342271323	-3.25170807701944	-1.18257094551757	-1.35865338752675	-1.73994964478719	0.848973249520737	-2.51991420045779	1.59195313373678	-2.78509838199181	-1.57413183659435	-1.20936253957188	-2.25609845752323	-2.23105928578491	-2.56863900513638	-1.57091490555063	-2.0354715827966	-0.940538542554087	-3.23969193858549	-3.62032397072004	-1.67771870981451	0.329208386405536	-2.99606523738337	-4.0302573714583	-1.92291199285086	-2.83750878288317	0.0758102143685407	-3.32965863101875	-0.255318932025061	-1.78658066117892	-1.57252634964525	-4.21252195494805	-2.91288672625014	-1.32014802556855	0.443370655646722	0.862204569788297	-2.23352386058773	-2.83610839829055	-1.62829966214463	-2.32556119714724	-1.54428383078553	-1.56111862080744	-3.0338588190108	-1.60654462499305	3.03277338861635	-0.220575468148731	-2.51018327451458	-3.57270865745245	0.925809116773487	0.806774809971118	-0.63260735602132	-2.53961382080369	-2.71460440769306	-1.97557677262608	-2.98674631704999	-3.44779139332864	-4.24457238373137	-1.64901671684685	-1.44651758270754	-2.87675124326543	-3.80810953959461	-2.7365385281999	-3.40478803584164	-3.50947601526764	-1.39884645934856	-2.24048940121785	-2.96482205865689
M5	-4.00140575745323	-2.45779107142518	-0.481918096328072	-2.71383267467143	-2.88991511668061	-3.27121137394105	-0.682288479633124	0.249875780233572	-3.93935202269395	-0.316316683868804	-3.10539356574822	-2.74062426872574	-3.78736018667709	-3.76232101493877	-4.09990073429024	-3.1021766347045	-3.56673331195046	-2.47180027170795	-0.770910240462487	-0.306481455697077	-3.20898043896837	-0.332829135052846	-0.226275256692009	0.0617312238189919	-3.45417372200472	-4.36877051203704	0.307933800283698	-0.082761871607922	-1.78658066117892	0.983209319512443	-3.10378807879911	0.101314976332594	-0.44410502812714	-2.85140975472241	-0.78687193479807	-0.3680488767972	-3.7647855897416	-0.367326700167549	-3.15956139129849	-3.8568229263011	-3.07554555993939	-3.0923803499613	-0.26406883831944	-3.13780635414691	1.50151165946249	-1.75183719730259	-0.0414015763915786	-0.103966043683211	-0.605452612380374	-4.72453034645961	-2.16386908517518	-4.07087554995755	-0.245822709570058	-3.50683850177994	0.481996296719252	0.321979044648465	0.206437572544191	-3.18027844600071	-2.9777793118614	-0.10696126257406	0.123028226715084	-0.267756830076902	-0.237071074856706	0.357204001424988	-2.93010818850242	-3.77175113037171	-4.49608378781075
M6	-3.78735144591956	-2.24373675989151	-0.56887206736276	-2.49977836313775	-2.67586080514694	-3.05715706240738	-0.468234168099448	-3.83712161807798	-3.72529771116027	0.374829931349132	-2.89133925421454	-2.52656995719206	-3.57330587514342	-3.5482667034051	-3.88584642275657	-2.88812232317082	-3.35267900041678	-2.25774596017427	0.221259132359017	-0.238552698201428	-2.9949261274347	0.199513567837474	-0.012220945158333	-0.502360544901657	-3.24011941047105	0.322419530457763	-0.287193295621748	-0.345814338793711	-1.57252634964525	-3.10378807879911	-2.88973376726543	0.0384735252660458	-4.23009414387033	-2.63735544318874	0.302234230546833	-4.45504627510875	-3.55073127820792	-4.15331581591074	-2.94550707976482	-3.64276861476743	-2.86149124840571	-2.87832603842762	-4.35106623663099	-2.92375204261323	1.71556597099616	-1.53778288576892	-3.82739069213477	-0.889872647795777	-0.391398300846699	-0.510432607649068	-1.94981477364151	-3.85682123842387	-4.03181182531324	0.707259237030594	-0.303910307393315	0.38113232682178	-0.0432645454317736	1.03381929280983	-2.76372500032772	-0.193915233608749	-0.0113702641940222	0.64523274431871	0.0561630351028612	0.0764119827512109	-2.71605387696875	-3.55769681883804	-0.28198604900021
M7	0.0468693585902753	-0.0386281210174836	0.0709839028668239	0.258167777405938	0.00636495234821757	-0.0950915906473671	0.0704160678767608	-0.184860930445543	0.0756159229551916	-0.0279715613289337	-0.0841752771261701	-0.467586872356064	-0.505730452791308	0.129801235050238	0.0562214485419818	0.0951323959575291	-0.019546290104724	0.143655067794859	-0.0975596492724402	-0.0240080413527534	-0.0551369932419751	-0.332172422966398	0.131665350345361	-0.310492570949254	0.111111503076056	-0.43487613381807	-0.234836474311872	0.324224090107182	-4.21252195494805	0.101314976332594	0.0384735252660458	0.37945000630706	0.374187396374839	-0.432246804314714	-0.170741016756921	0.216075983467098	-0.12626851989217	0.221209159545785	0.259595975366884	0.459960989768726	0.41759176191361	0.171875322612456	0.123882607109144	-0.417616510145434	-0.92442963430664	0.424292357482577	0.356739601590594	0.0577992958655504	-0.287144272052435	0.0960269651869376	-0.589766951667444	0.0841082459369816	-0.386249896585283	-0.133438556739714	-0.129036092190332	-0.243027769977461	-0.0972882919276928	0.232629980379259	-0.625562117065835	-0.361197670644126	-0.250632005115497	-0.596831190679387	-0.0207544157312948	0.334450156254306	-0.0338281194735895	-0.129506191202968	0.0656412280269012
