B1	B2	CD4_1	CD4_2	CD4_3	CD4_4	CD45_1	CD45_2	CD8_1	CD8_2	CD8_3	CD8_4	CD8_5	CD8_6	DC1	DC2	DC3	DC4	E1	E2	E3	M1	M10	M11	M12	M13	M2	M3	M4	M5	M6	M7	M8	M9	Mo1	Mo2	Mo3	Mo4	Mo5	Mo6	Mo7	Mo8	N1	N2	N3	N4	N5	N6	N7	NK1	NK2	NKT	S	T1	T10	T11	T12	T2	T3	T4	T5	T6	T7	T8	T9	Treg1	Treg2
B1	1.02716340723781	-1.88404428609125	0.326801372183203	-2.50933875166192	-2.00890224828629	0.599263297194503	0.19007006557358	0.336541154538304	0.479492770537578	0.179561658341114	0.797534093971693	-2.27203351191712	0.658933854449649	0.586586167105654	0.374620942254319	-3.03330522077066	-3.32042552410834	1.20720212026059	0.0138835258009665	0.294089903076398	-2.10576378943426	-0.509028315489962	0.719630985949964	0.229793780901263	-2.74906660959477	0.264380317976028	0.280744840095065	0.106540292678383	-2.82161049469119	-2.27203351191712	-4.01477155798309	0.215757466063876	-0.163341832477157	-2.64553788602419	-0.112763484592253	0.297274031774285	-0.700287666367259	0.504383096610164	0.0518615526602581	0.221141309017084	-3.18234787521131	-3.23268912248234	-0.0395999950613033	-3.9637085388368	-2.72886532269165	-2.58275575940537	0.296596470124054	-0.0887933525336196	-0.171232516861382	0.332116199999307	-2.56301470826883	0.251655503053924	-3.43869011964329	-2.90263739634918	-0.176079361866235	-0.462176320930833	-0.0640361015018491	-2.37674052819656	-3.52055065673928	-3.8956234672486	-4.27972790615843	-0.659229198802121	0.505767059442862	0.00933699670268092	-3.28167403906378	-3.50926984266714	-0.0143916460269366
B2	-1.88404428609125	-0.193181130866009	-3.02373210586349	-0.818475596436684	-0.318039093061055	-1.70991697485712	-3.02216219484022	-2.27364740008169	-1.82968750151405	-2.43062689627888	-1.8126544606483	-0.581170356691886	-1.65024641760198	-2.3246215262234	-2.23556761236567	-1.34244206554542	-1.6295623688831	-1.10197815179104	-3.40920001199457	-3.29380282840561	-0.414900634209025	-4.29528786263025	-2.54375319373156	-2.92444730805033	-1.05820345436953	-2.0447999540756	1.12654717842034	-3.28178141724961	-1.13074733946595	-0.581170356691886	-2.32390840275785	0.596998713887299	-2.77353038709715	-0.954674730798957	-4.15429489343828	-3.18795696734305	-3.00946793841888	-2.70784916380364	-2.25731871939137	-2.08803896303454	-1.49148471998607	-1.5418259672571	-3.2518322554751	-2.27284538361156	-1.03800216746641	-0.891892604180135	-2.71151906478951	0.522908461268666	-3.59431605465692	-3.20747212081964	-0.872151553043591	-2.35853305156607	-1.74782696441805	-1.21177424112394	-2.78626791648622	-3.24844889666672	-3.67420511340757	-0.685877372971325	-1.82968750151405	-2.20476031202336	-2.58886475093319	-3.26941775342211	-2.91731647835267	0.700239236281676	-1.59081088383854	-1.8184066874419	-2.62458020064693
CD4_1	0.326801372183203	-3.02373210586349	0.499825550452082	-3.64902657143417	-3.14859006805854	0.362627465784432	0.192610200205067	-0.104194032156065	0.515855677831045	0.257337384643419	-0.0411345870914853	-3.41172133168937	-0.00366166163833638	0.16704886157707	0.164332888681029	-0.172949613266041	0.442982071758453	0.368522583056708	0.0926876749209401	0.103533158189488	1.05560010063872	-0.221664415192139	0.117058926052912	-0.249846947559768	-3.88875442936701	0.124653413850023	0.102133428714477	-0.0994947458969956	0.515837416497689	-3.41172133168937	-0.251363962116298	0.0350170717688505	0.304404192949716	0.214817721480423	0.0928853475288745	0.271526891737042	-0.00116919326727613	-0.123425120470123	0.167405223454875	0.195356754988746	-0.0209839851383263	-4.37237694225458	-0.0370598604298169	-0.200300942970006	-3.86855314246389	0.277599848099244	-0.127095021455994	-0.00231275096481763	-0.0844227165063442	0.226794963221959	-3.70270252804107	0.342396167813539	-4.57837793941553	-4.04232521612142	-0.139696189118185	-0.170514316619856	-0.168296154420868	-3.51642834796881	-4.66023847651153	-1.03526785974398	-0.305469032909899	-0.497907651356784	-0.0402964256952472	0.0571658368531053	-0.120310148990799	0.196146581737441	0.425682988076114
CD4_2	-2.50933875166192	-0.818475596436684	-3.64902657143417	-1.44377006200736	-0.943333558631729	-2.3352114404278	0.352586766865967	-2.89894186565236	1.54506146019214	-3.05592136184955	-2.43794892621897	-1.20646482226256	-2.27554088317265	-2.94991599179408	-2.86086207793634	-1.96773653111609	-2.25485683445378	-1.72727261736171	-4.03449447756524	0.0809461333005786	-1.0401950997797	-0.443446597239799	-3.16904765930223	-3.549741773621	-1.68349791994021	-2.67009441964627	-3.4987907144272	-3.90707588282028	-1.75604180503662	-1.20646482226256	-2.94920286832853	0.418856695948427	-3.39882485266782	-1.57996919636963	0.261807274262978	0.186791994363134	-3.63476240398956	0.666899797902551	-2.88261318496204	-2.71333342860522	-2.11677918555674	-2.16712043282778	-3.87712672104578	-2.89813984918224	-1.66329663303708	-1.51718706975081	0.66322989691668	-0.403394286870372	-0.219567092950728	-3.83276658639031	-1.49744601861427	-2.98382751713674	-2.37312142998873	-1.83706870669461	-3.4115623820569	-3.87374336223739	-0.299456151701386	-1.311171838542	-2.45498196708472	-2.83005477759404	-3.21415921650386	-3.89471221899279	-3.54261094392335	0.0749447707110018	-2.21610534940922	-2.44370115301258	-3.2498746662176
CD4_3	-2.00890224828629	-0.318039093061055	-3.14859006805854	-0.943333558631729	-0.442897055256101	-1.83477493705217	-3.14702015703527	-2.39850536227673	-1.95454546370909	-2.55548485847392	-1.93751242284334	-0.706028318886931	-1.77510437979702	-2.44947948841845	-2.36042557456072	-1.46730002774047	-1.75442033107815	-1.22683611398608	-3.53405797418961	-3.41866079060066	-0.539758596404071	0.0569899061358295	-2.66861115592661	-3.04930527024537	-1.18306141656458	-2.16965791627064	-2.99835421105157	-3.40663937944465	-1.255605301661	-0.706028318886931	-2.4487663649529	-0.226794511169683	1.10165507798467	-1.079532692994	0.322917992920969	-3.3128149295381	-3.13432590061393	-2.83270712599868	-2.38217668158641	-2.21289692522959	-1.61634268218112	-1.66668392945215	-3.37669021767015	-2.39770334580661	-1.16286012966146	-1.01675056637518	-2.83637702698455	0.0970422165052567	-3.71917401685196	0.667713344262177	-0.997009515238637	-2.48339101376111	2.12735850066377	-1.33663220331898	-2.91112587868127	-3.37330685886176	-3.79906307560262	-0.810735335166371	-1.95454546370909	-2.32961827421841	-2.71372271312823	-3.39427571561716	-3.04217444054772	-3.42466215319023	-1.71566884603359	-1.94326464963695	-2.74943816284197
CD4_4	0.599263297194503	-1.70991697485712	0.362627465784432	-2.3352114404278	-1.83477493705217	1.55150566971645	0.0631728097229606	0.510668465772427	0.653620081771702	0.0526806870068737	-3.32939030463941	-2.097906200683	0.833061165683773	-3.84135737021452	0.247739970920078	-2.85917790953653	-3.14629821287421	-2.61871399578215	0.37509631114528	0.0925567432423151	-1.93163647820014	-0.209962629558551	0.240562672122553	0.0359525789196835	-2.57493929836064	-3.56153579806671	-4.39023209284764	0.523704101557235	-2.64748318345706	-2.097906200683	-3.84064424674897	-0.0389310807470915	0.0107854787569662	-2.47141057479007	0.148513856133919	-0.403641101488941	-4.52620378241	0.0764667020504758	-3.77405456338248	-3.60477480702566	-3.00822056397718	-3.05856181124821	-4.76856809946622	-3.78958122760267	-2.55473801145752	-2.40862844817125	0.072796801064605	-1.29483566529081	-0.508981050093735	-0.122137116256458	-2.3888873970347	0.124774531719684	-3.26456280840916	-2.72851008511505	-0.302960333200475	-0.163113892103537	0.207000788447803	-2.20261321696244	-3.34642334550516	-3.72149615601448	0.371535136036822	-0.309017866452101	0.344106166220904	0.0285642091905256	-3.10754672782966	0.664900895843848	0.557662645500759
CD45_1	0.19007006557358	-3.02216219484022	0.192610200205067	0.352586766865967	-3.14702015703527	0.0631728097229606	0.336377744031342	0.127823011988285	0.0403101246505397	0.12060509101509	0.0573431655162901	0.890900289179129	0.298931006988502	0.351548745290426	0.257672686458074	0.129628580325595	-0.458500005580451	0.0690842115116156	0.14383614681123	-0.0364237057261359	0.756161729093626	-0.187252768932194	0.158745936671317	-0.119958906458959	-3.88718451834374	0.427251149081152	0.22694212381794	-0.0615440707908811	0.0403150238367001	-3.4101514206661	-0.0389427737112933	0.0611504917867428	0.189880938901301	0.216387632503694	0.0893415558750847	0.12607708137879	0.06464152746661	0.116383251095271	0.0276469096551922	-0.615968317163528	-0.0194140741150549	-0.0697553213860864	-0.0201151014484936	0.0121202454349987	-3.86698323144062	0.580178041690879	0.149696837579159	-0.0389224711069058	-0.078904648432722	0.255803108141385	-3.7011326170178	0.414546961522532	0.201350460172428	-4.04075530509815	-0.152849484996884	-0.251354509739869	-0.15879370718338	0.485184990331326	-0.181532834527136	-1.03369794872071	-0.303899121886628	-0.496337740333513	0.0862120090472375	0.0110941461378702	-0.419748520535891	-0.17025202045499	0.114641633213141
CD45_2	0.336541154538304	-2.27364740008169	-0.104194032156065	-2.89894186565236	-2.39850536227673	0.510668465772427	0.127823011988285	0.850009027690592	-3.91015377072972	-0.0339574345334289	0.58401500109715	-2.66163662590756	-3.73071268681765	0.440016448737745	0.286036966972948	-3.4229083347611	-3.71002863809878	-3.18244442100671	0.0666374259289275	0.130882237866755	-2.4953669034247	-0.00284194485277133	-0.147083731986113	0.513601678653775	-3.13866972358521	-4.12526622329127	-0.17580402950751	0.169232507911804	-3.21121360868163	-2.66163662590756	-0.404331244696667	-0.0301575952430435	-0.155017966174024	-3.03514100001463	0.109631307544449	0.146551781772267	-1.0898907803577	0.165931901887446	-0.337741561330182	-0.168461804973356	0.428092438075117	-3.62229223647278	-0.855162793729658	-4.35331165282724	-3.11846843668209	-2.97235887339581	-4.79198533400518	-0.817212884520304	-0.720534988965833	0.0922746612328611	-2.95261782225927	0.163071527772553	-3.82829323363373	1.00881119950561	-0.565682475856675	-0.182784028111794	0.114560923991764	-2.766343642187	-3.91015377072972	-0.285183153962177	0.444615672871907	-0.0711281359305428	0.43358262508574	-0.0792382930799014	-3.67127715305422	0.101170470619285	0.198048945776436
CD8_1	0.479492770537578	-1.82968750151405	0.515855677831045	1.54506146019214	-1.95454546370909	0.653620081771702	0.0403101246505397	-3.91015377072972	1.43690154347695	-0.0670898396500511	-3.44916083129634	-2.21767672733992	-3.28675278825001	0.339923812973784	-3.87207398301371	-2.97894843619346	1.03498297031409	-2.73848452243907	0.184745093401576	-0.0852049548768224	-2.05140700485706	-0.105718782377224	-0.180216137102735	-0.560910251421502	-2.69470982501757	0.61974538512159	-0.0328668885434395	0.0817165550254583	-2.76725371011399	-2.21767672733992	0.0396286538709712	-0.158701607404016	-0.409993330468322	-2.59118110144699	0.168240605481196	0.21693329528084	-0.0439034605126279	0.132780196509448	-3.89382509003941	-3.72454533368258	-3.12799109063411	-3.17833233790514	0.190846239030085	-3.9093517542596	-2.67450853811445	-2.52839897482817	-0.347982008160684	-0.113617452093636	-0.116875732284183	0.00112575270914785	-2.50865792369163	-3.9950394222141	0.615710092210773	-2.84828061177198	-0.121722577289037	-0.407819536353634	-0.106588787067658	-2.32238374361936	-3.46619387216209	-3.8412666826714	-0.225327694304363	-0.303853275515854	0.0482479995535838	-0.0332151460041866	-3.22731725448658	-3.45491305808994	0.437892118843835
CD8_2	0.179561658341114	-2.43062689627888	0.257337384643419	-3.05592136184955	-2.55548485847392	0.0526806870068737	0.12060509101509	-0.0339574345334289	-0.0670898396500511	0.47805847607886	0.42703550489996	-2.81861612210475	0.11235124426202	0.283036952540556	0.225965312360262	-3.57988783095829	0.434043575549259	0.961627792641325	0.179429673493627	0.254081953149874	-2.65234639962189	-0.19031074981437	-0.304063228183303	-0.0827082083099648	-3.2956492197824	-4.28224571948846	0.00300467875138112	-0.0421044802969514	-3.36819310487882	-2.81861612210475	-0.260302458325493	0.0532713874229894	0.0682087126432148	-3.19212049621182	0.0691573341802825	0.142800165078358	-0.167728838678523	-0.100190685039678	0.107306363750061	-0.325441301170546	-3.72893048539894	-3.77927173266997	0.029237235031807	-0.510247721747565	-3.27544793287928	-3.129338369593	-0.170806341637684	-0.0378649515487329	-0.0464312731014323	0.295445592887351	-3.10959731845646	0.404025525944173	-3.98527272983092	0.851831703308422	-0.178609437722265	-0.163673299281628	-0.171287399700584	1.07672028889267	-0.0670898396500511	-0.442162650159367	-0.224239667791759	-0.330769364492401	-0.0408155507447675	0.125508819390934	0.171786778025455	-4.05585245285477	0.251920726960979
CD8_3	0.797534093971693	-1.8126544606483	-0.0411345870914853	-2.43794892621897	-1.93751242284334	-3.32939030463941	0.0573431655162901	0.58401500109715	-3.44916083129634	0.42703550489996	1.86890437670038	-2.20064368647417	-3.26971974738426	0.959000559633347	-3.85504094214796	-2.96191539532771	0.751007728611473	-2.72145148157332	0.175449355211098	-0.068171914011072	-2.03437396399131	-0.00094681040172501	0.137825186331379	-0.0667849068714909	-2.67767678415182	-3.66427328385789	-0.49292615136195	-0.424119016070773	-2.75022066924824	-2.20064368647417	0.357669977305085	0.0189101730860688	0.0841320140816886	-2.57414806058124	-0.0413736591493038	0.146817037781418	-0.0268704196468774	0.27474835496837	0.600343681787468	-3.70751229281683	-3.11095804976836	-3.16129929703939	-0.269234736703097	-3.89231871339385	-2.6574754972487	-2.51136593396242	-4.3309923945718	-0.221522424016272	-0.2137850415161	-0.349809719640804	-2.49162488282588	-3.97800638134835	-3.36730029420034	-2.83124757090623	-4.40574124626851	-0.168943536310208	-0.117584288847286	-2.30535070275361	-3.44916083129634	-3.82423364180565	-4.20833808071548	0.0142043324346395	0.24136868042973	0.0807268221456298	1.0907674962244	0.863171692621037	-0.244010103152351
CD8_4	-2.27203351191712	-0.581170356691886	-3.41172133168937	-1.20646482226256	-0.706028318886931	-2.097906200683	0.890900289179129	-2.66163662590756	-2.21767672733992	-2.81861612210475	-2.20064368647417	-0.969159582517762	-2.03823564342785	-2.71261075204928	1.37648658908532	-1.7304312913713	-2.01755159470898	-1.48996737761691	-3.79718923782044	0.318251373045376	-0.802889860034901	-0.683233661179262	-2.93174241955744	-3.3124365338762	-1.44619268019541	-2.43278917990147	-3.2614854746824	0.330272784201379	-1.51873656529183	-0.969159582517762	-2.71189762858373	-0.18891749223215	-3.16151961292302	-1.34266395662483	0.360811296374882	0.424097234107932	-3.39745716424476	-3.09583838962951	-2.64530794521724	-2.47602818886042	-1.87947394581195	-1.92981519308298	-3.63982148130098	-2.66083460943744	-1.42599139329229	-1.27988183000601	-3.09950829061538	-0.166089047125574	-3.98230528048279	0.70559036319971	-1.26014077886947	-2.74652227739194	-2.13581619024393	-1.59976346694981	-3.1742571423121	-3.6364381224926	0.238857370611776	-1.0738665987972	-2.21767672733992	-2.59274953784924	-2.97685397675906	-3.65740697924799	-3.30530570417855	-3.68779341682106	-1.97880010966442	-2.20639591326778	-3.0125694264728
CD8_5	0.658933854449649	-1.65024641760198	-0.00366166163833638	-2.27554088317265	-1.77510437979702	0.833061165683773	0.298931006988502	-3.73071268681765	-3.28675278825001	0.11235124426202	-3.26971974738426	-2.03823564342785	1.19374000550728	-3.78168681295937	-3.69263289910164	-2.79950735228139	-3.08662765561907	-2.559043438527	0.247681394290236	-0.148797266587282	-1.87196592094499	0.0469880894431402	-4.00081848046753	0.618491748136811	-2.5152687411055	-3.50186524081156	0.368417154546308	0.302549929286358	-2.58781262620192	-2.03823564342785	-3.78097368949382	-0.23682390018951	-4.23059567383311	-2.41174001753492	0.136828622357121	0.0539564360597777	-4.46653322515485	0.136137259305622	-3.71438400612733	-3.54510424977051	1.05149342055483	1.00115217328379	-0.708854114934209	0.270132756929334	-2.49506745420238	-2.3489578909161	-4.16858435152547	-0.934156825467301	-0.206277097216058	-0.36348569771038	1.97183487006567	0.18444508897483	-3.20489225115402	-2.66883952785991	-4.24333320322219	0.13959006077414	0.072852296844413	-2.14294265970729	-3.28675278825001	0.639226111085896	-0.0458866103922922	-4.72648304015808	0.324596925050159	-0.455817767885927	-3.04787617057451	0.724571453098994	0.219406222462333
CD8_6	0.586586167105654	-2.3246215262234	0.16704886157707	-2.94991599179408	-2.44947948841845	-3.84135737021452	0.351548745290426	0.440016448737745	0.339923812973784	0.283036952540556	0.959000559633347	-2.71261075204928	-3.78168681295937	0.44703349405824	-0.366964580446203	-3.47388246090281	-3.7610027642405	-3.23341854714843	-0.07824091188841	0.079908111725037	-2.54634102956642	-0.225330860526093	-0.0731227405346591	0.0232971617455069	-3.18964384972693	0.778006985473768	0.171157510128657	-0.299275119586231	1.03886397502188	-2.71261075204928	-4.45534879811525	0.122605676903341	0.325480693589642	-3.08611512615635	0.0385473723287376	0.111968009953641	0.29045703887781	0.160714783762073	0.213311733805533	-4.21947935839194	0.377118311933399	0.326777064662367	-0.0215429265821335	-0.103234069123729	-3.16944256282381	-3.02333299953753	0.111287874759858	0.024915312302903	0.0301191675776556	0.205156769012846	-3.00359194840099	0.209005243215339	-3.87926735977545	-3.34321463648133	-0.0146128962045809	-0.777818443469818	-0.214579788164303	-2.81731776832872	0.0389155304054205	-4.33620070738076	-0.243169415329459	-0.497762733140467	0.065189819310704	0.000120786301508413	-3.72225127919594	0.0501963444775667	0.147074819634718
DC1	0.374620942254319	-2.23556761236567	0.164332888681029	-2.86086207793634	-2.36042557456072	0.247739970920078	0.257672686458074	0.286036966972948	-3.87207398301371	0.225965312360262	-3.85504094214796	1.37648658908532	-3.69263289910164	-0.366964580446203	1.22719724162271	-3.38482854704508	-3.67194885038276	-3.1443646332907	-0.129365130696273	0.0255404143450944	-2.45728711570869	-0.346447825280006	0.527807017789551	0.147112903470784	-3.10058993586919	-4.08718643557526	0.198063962664586	0.488746126038429	-3.17313382096561	-2.62355683819155	-0.0652431744122883	0.145668376326418	0.184087474326296	-2.99706121229862	-0.159254478562197	0.167598297003775	-1.05181099264168	0.781244549073789	0.00134650895419711	-0.130382017257341	-3.53387120148573	1.01785839979753	-0.294214394051662	-0.31518843783436	-3.08038864896607	-2.9342790856798	0.0242529422755211	-0.264226022937049	-0.522755843135806	0.0511735648116609	-2.91453803454325	0.502175882573311	-3.79021344591771	-3.2541607226236	-0.52760268814066	-0.144704240395779	0.175503564570685	-2.72826385447099	0.127969444263154	-4.24714679352302	0.213853011743976	-0.357556900015012	0.362518402945622	0.281059651936302	0.366846061938659	0.616342562019561	0.236128733492451
DC2	-3.03330522077066	-1.34244206554542	-0.172949613266041	-1.96773653111609	-1.46730002774047	-2.85917790953653	0.129628580325595	-3.4229083347611	-2.97894843619346	-3.57988783095829	-2.96191539532771	-1.7304312913713	-2.79950735228139	-3.47388246090281	-3.38482854704508	-2.49170300022483	-2.77882330356251	-2.25123908647045	-0.0813252157128559	-0.142012053239794	-1.56416156888844	-0.0131834246555688	-3.69301412841097	-0.0736648154528743	-2.20746438904894	0.805982538521854	0.454378547425188	-0.430998924652156	-2.28000827414536	-1.7304312913713	-3.47316933743726	-0.0207894348867275	0.378260388068669	-2.10393566547837	-0.303551485194587	0.440940586542226	0.443341975456	0.142933328793815	-3.40657965407078	-3.23729989771395	-2.64074565466548	-2.69108690193651	0.0760425408066078	0.577937108985891	-2.18726310214582	-2.04115353885955	0.139263427807944	0.186542509764801	0.210670345570433	-0.0556813456538239	-2.021412487723	0.492249441031386	-2.89708789909746	-2.36103517580335	0.0645145761112273	-0.397666404069267	-0.124487357948186	-1.83513830765074	-2.97894843619346	0.646022180574089	-3.7381256856126	-0.117626978256295	-0.0665339857552211	0.153005722879698	-2.74007181851795	-2.96766762212131	0.226202291950526
DC3	-3.32042552410834	-1.6295623688831	0.442982071758453	-2.25485683445378	-1.75442033107815	-3.14629821287421	-0.458500005580451	-3.71002863809878	1.03498297031409	0.434043575549259	0.751007728611473	-2.01755159470898	-3.08662765561907	-3.7610027642405	-3.67194885038276	-2.77882330356251	1.23510810294503	-2.53835938980813	-0.146602559872862	0.114920177754124	-1.85128187222612	-0.0784556217742202	0.497001299212471	0.116307184893705	-2.49458469238662	-3.48118119209269	-0.00882577702839046	0.512288820777483	-2.56712857748304	-2.01755159470898	0.239753786501917	-0.0612385119030697	-4.20991162511424	-2.39105596881605	0.000389589145293413	-0.0222673568058515	-4.44584917643598	0.457840446733566	-3.69369995740846	0.776631508793592	-2.92786595800316	1.02183622200267	-0.086142644937902	0.290816805648209	-2.4743834054835	-2.32827384219723	-0.147856875529738	0.107696876204304	-0.185593048497183	-0.643809931559869	-2.30853279106068	-3.79491428958316	0.815835224841719	-2.64815547914103	-4.22264915450332	-0.207694403722688	-0.069189718152734	-2.12225861098842	-3.26606873953114	-3.64114155004046	-0.0252025616734175	-0.103728142884908	0.123438014591358	0.108918815164547	0.972851305421228	-3.25478792545899	-0.0609180113871559
DC4	1.20720212026059	-1.10197815179104	0.368522583056708	-1.72727261736171	-1.22683611398608	-2.61871399578215	0.0690842115116156	-3.18244442100671	-2.73848452243907	0.961627792641325	-2.72145148157332	-1.48996737761691	-2.559043438527	-3.23341854714843	-3.1443646332907	-2.25123908647045	-2.53835938980813	-2.01077517271606	-4.31799703291959	0.0984518605145906	-1.32369765513405	-0.505106193416475	0.547493212620277	-3.83324432897535	-1.96700047529456	-2.95359697500062	0.217750157495312	-0.190535010897771	-2.03954436039098	-1.48996737761691	-3.23270542368288	0.0684078679767018	-3.68232740802217	-1.86347175172398	0.0508547786574655	0.380381742693043	0.382786750501316	-3.61664618472866	0.833927686960469	1.00320744331729	-2.4002817409111	-2.45062298818213	0.316506454560993	-3.18164240453659	-1.94679918839144	-1.80068962510516	-3.62031608571453	0.0912182190631047	0.0989577729723527	0.48580170680963	-1.78094857396862	-3.26733007249109	-2.65662398534308	-2.12057126204896	0.304978489865612	-0.157202490314882	0.0190687142216949	-1.59467439389635	-2.73848452243907	-3.11355733294839	-3.49766177185821	-0.178171347070274	-3.8261134992777	-0.20855778464335	-2.49960790476357	-2.72720370836693	-3.53337722157195
E1	0.0138835258009665	-3.40920001199457	0.0926876749209401	-4.03449447756524	-3.53405797418961	0.37509631114528	0.14383614681123	0.0666374259289275	0.184745093401576	0.179429673493627	0.175449355211098	-3.79718923782044	0.247681394290236	-0.07824091188841	-0.129365130696273	-0.0813252157128559	-0.146602559872862	-4.31799703291959	0.671007416094275	0.17948723840222	-3.63091951533758	-0.240860812441785	0.079077645288973	-0.107042031567602	-0.274178908221227	0.100910889046209	-0.0560909723737998	0.0887871188050971	-0.0457145107492835	-3.79718923782044	-0.178197559636046	-0.112523793580323	-0.273545089410014	-0.170650184650653	0.148200178471487	0.065846314724993	-0.0983816970823976	-0.0100536629213856	0.25093908850364	0.127307528490988	-0.230367870153505	0.0203136401790306	-0.109916099123216	0.00249883004183433	-4.25402104859497	-4.10791148530869	-0.274324467044947	-0.128466010620867	-0.13090694831678	0.129177335815093	0.212881275673076	0.0882068431043619	0.182285292223991	0.0493426087086256	-0.339528021815797	-0.431043620183994	-0.028092555567265	0.399155455745343	-0.74465467279738	-0.943643462190799	-0.213817911461081	-0.385065744755084	0.0841488479413711	-0.133805849343736	-4.8068297649671	0.266606598560502	0.10388408389086
E2	0.294089903076398	-3.29380282840561	0.103533158189488	0.0809461333005786	-3.41866079060066	0.0925567432423151	-0.0364237057261359	0.130882237866755	-0.0852049548768224	0.254081953149874	-0.068171914011072	0.318251373045376	-0.148797266587282	0.079908111725037	0.0255404143450944	-0.142012053239794	0.114920177754124	0.0984518605145906	0.17948723840222	0.956985245316581	0.785529378096601	-0.474223032674934	0.194474828877932	-0.261640263244046	0.318310579051992	-0.104025018343266	-0.0103296469916068	0.16290412540722	-4.23136903700555	0.795343676729637	-0.424525757374349	0.0109161097675571	0.000909757813875973	-4.05529642833856	-0.0736447908087707	0.0898194177786171	-0.105767832181519	-0.00229020877475272	0.16057483898881	-0.0425295228035414	0.36214091738109	0.5036834729739	-0.0947751382038845	-0.419219746244402	-4.13862386500601	-3.99251430171974	-0.0961365835134164	-0.000243093168597912	-0.131456548142428	0.0382593517194994	0.629297597971104	-0.28306059476309	-0.371312930996529	-0.312352511386676	-0.187918741101711	-0.658873627863441	0.0306741151759275	0.213544356765937	-0.152150710488958	-5.30538200956296	-0.388454281341826	-0.688797308806896	0.330366881906732	0.0293265529153535	-0.0893617328238473	-0.441892654020379	0.0943426953767856
E3	-2.10576378943426	-0.414900634209025	1.05560010063872	-1.0401950997797	-0.539758596404071	-1.93163647820014	0.756161729093626	-2.4953669034247	-2.05140700485706	-2.65234639962189	-2.03437396399131	-0.802889860034901	-1.87196592094499	-2.54634102956642	-2.45728711570869	-1.56416156888844	-1.85128187222612	-1.32369765513405	-3.63091951533758	0.785529378096601	-0.636620137552041	-4.51700736597326	1.23457073020229	-3.14616681139334	-1.27992295771255	-2.26651945741861	-3.09521575219954	-3.50350092059262	-1.35246684280897	-0.802889860034901	-2.54562790610087	-4.32369947959452	-2.99524989044016	-1.17639423414197	0.226056451772999	0.891375239159156	-3.2311874417619	-2.92956866714665	-2.47903822273438	-2.30975846637756	-1.71320422332909	-1.76354547060012	-3.47355175881812	-2.49456488695458	-1.25972167080943	-1.11361210752315	-2.93323856813252	-3.99986275191958	-3.81603555799993	0.570851803114207	-1.09387105638661	-2.58025255490908	-1.96954646776107	-1.43349374446695	1.29306429001599	-3.47016840000973	-3.89592461675059	-0.90759687631434	-2.05140700485706	-2.42647981536638	-2.8105842542762	-3.49113725676513	-3.13903598169569	-3.5215236943382	-1.81253038718156	-2.04012619078492	-2.84629970398994
M1	-0.509028315489962	-4.29528786263025	-0.221664415192139	-0.443446597239799	0.0569899061358295	-0.209962629558551	-0.187252768932194	-0.00284194485277133	-0.105718782377224	-0.19031074981437	-0.00094681040172501	-0.683233661179262	0.0469880894431402	-0.225330860526093	-0.346447825280006	-0.0131834246555688	-0.0784556217742202	-0.505106193416475	-0.240860812441785	-0.474223032674934	-4.51700736597326	0.328353739417712	-0.588954693199421	0.275993354311908	-0.683174455172646	-0.129872928950409	-0.0345886871678329	-1.04543145619164	-0.191457437958257	-0.683233661179261	0.325264046463811	-0.443061448774989	-0.583380825926148	0.244250704567767	-0.0185815118967744	-0.372558137040302	-0.282914709212425	-0.676416667863598	-0.678183309000791	-1.11096082964555	-0.552194818478375	-0.94495400888254	-0.334822655232992	0.091915653201657	-0.839057189385423	-0.0397520010376138	-0.709821733633765	-0.403998169828272	-0.123667309651678	-0.198652576677298	-4.97425828480783	-0.270307804970115	-0.150962823258176	0.0663320783800002	-0.269281213226021	0.211141916137836	-0.154823970208814	-4.78798410473556	0.396585574054527	0.391233588868742	0.234856143445045	0.3140381349301	-0.311002224993072	-0.350758361708092	-0.215794913237258	-0.0880038678320174	-0.220181764712083
M10	0.719630985949964	-2.54375319373156	0.117058926052912	-3.16904765930223	-2.66861115592661	0.240562672122553	0.158745936671317	-0.147083731986113	-0.180216137102735	-0.304063228183303	0.137825186331379	-2.93174241955744	-4.00081848046753	-0.0731227405346591	0.527807017789551	-3.69301412841097	0.497001299212471	0.547493212620277	0.079077645288973	0.194474828877932	1.23457073020229	-0.588954693199421	0.821678922218582	-0.233622737643944	-3.40877551723508	-4.39537201694115	0.253054390643448	0.620499793487283	-3.4813194023315	-2.93174241955744	-0.674437038346541	0.205459452989388	0.218322204920849	-3.30524679366451	-0.259354041731523	0.246801516759746	-0.75796915273014	0.786677433765315	0.237213461919908	0.0385247050610308	0.760014065702675	1.22154866289812	-0.204462572494164	-0.623374019200249	-3.38857423033196	-3.24246466704569	-0.15899571201602	-0.231087670412166	-0.666132230815222	-0.0139748984953101	0.777319811367722	-0.40805340458639	-4.0983990272836	-3.56234630398949	-0.358681490787084	-0.343746041688544	0.317645701955619	-3.03644943583688	-0.180216137102735	-0.555288947612051	-0.161278325234048	-1.14285408532654	0.472474937901633	0.258109301183609	-3.94138294670409	-0.168935323030589	0.0248520794106279
M11	0.229793780901263	-2.92444730805033	-0.249846947559768	-3.549741773621	-3.04930527024537	0.0359525789196835	-0.119958906458959	0.513601678653775	-0.560910251421502	-0.0827082083099648	-0.0667849068714909	-3.3124365338762	0.618491748136811	0.0232971617455069	0.147112903470784	-0.0736648154528743	0.116307184893705	-3.83324432897535	-0.107042031567602	-0.261640263244046	-3.14616681139334	0.275993354311908	-0.233622737643944	0.702221552245805	0.210573795723015	-4.77606613125992	0.23408729410825	-0.20686694186544	-3.86201351665027	-3.3124365338762	-0.0551702370190658	-0.35323906667257	-0.601701148642425	-3.68594090798327	-0.0556143104362205	-0.295972820096221	-0.837638699964163	-0.484868006081194	-0.289606206436886	-0.518253430373633	-0.222707469893524	0.204043586519705	-0.704342545952177	-0.305132870657079	-3.76926834465073	-3.62315878136445	-1.44274181469696	-0.828167283606062	-0.554729484107371	-0.0936396375694546	0.697633979617319	-0.186703813111344	-0.178041431757142	0.0570030089686071	-0.563286758763782	0.0771901584453414	0.027498160538751	0.883908159689585	0.781470976185182	0.526373006255873	0.60414887496131	0.266488032550296	0.114846086808891	-0.260217620445641	-0.322033633745996	0.228485623938472	-0.314449744559311
M12	-2.74906660959477	-1.05820345436953	-3.88875442936701	-1.68349791994021	-1.18306141656458	-2.57493929836064	-3.88718451834374	-3.13866972358521	-2.69470982501757	-3.2956492197824	-2.67767678415182	-1.44619268019541	-2.5152687411055	-3.18964384972693	-3.10058993586919	-2.20746438904894	-2.49458469238662	-1.96700047529456	-0.274178908221227	0.318310579051992	-1.27992295771255	-0.683174455172646	-3.40877551723508	0.210573795723015	-1.92322577787305	-2.90982227757912	0.261524854916817	0.552174949385669	-1.99576966296947	-1.44619268019541	-3.18893072626137	0.394727424495344	-3.63855271060067	-1.81969705430248	-0.0650698820350418	0.24807241899865	-3.87449026192241	0.728180222538068	-3.12234104289489	-2.95306128653806	-2.35650704348959	-2.40684829076062	-0.116811151701764	-3.13786770711508	-1.90302449096993	-1.75691492768366	-3.57654138829303	-4.64316557208008	-4.45933837816044	-4.07249444432316	-1.73717387654711	1.07749633477564	-2.61284928792157	-2.07679656462746	-3.65129023998975	-4.11347122017024	0.238931051653595	-1.55089969647485	-2.69470982501757	-3.06978263552688	-3.45388707443671	-4.13444007692563	0.518712907989032	0.437244334055587	-2.45583320734206	1.31661441633144	-3.48960252415045
M13	0.264380317976028	-2.0447999540756	0.124653413850023	-2.67009441964627	-2.16965791627064	-3.56153579806671	0.427251149081152	-4.12526622329127	0.61974538512159	-4.28224571948846	-3.66427328385789	-2.43278917990147	-3.50186524081156	0.778006985473768	-4.08718643557526	0.805982538521854	-3.48118119209269	-2.95359697500062	0.100910889046209	-0.104025018343266	-2.26651945741861	-0.129872928950409	-4.39537201694115	-4.77606613125992	-2.90982227757912	2.34909413728712	-0.026136381927314	-5.1334002404592	-2.98236616267554	-2.43278917990147	-0.175483798690579	-0.777504645118512	-0.324097500461509	-2.80629355400855	-0.173404165273747	-0.738524080707417	0.60131273383508	-4.55946798701323	-4.10893754260096	-3.93965778624413	-3.34310354319566	-3.39344479046669	-0.149203743777933	0.720640037355676	-2.889620990676	-2.74351142738972	-4.5631378879991	-0.152639369420626	0.0454282169154495	0.372274428624861	-2.72377037625318	0.692943540863384	1.63100568841654	-3.06339306433353	-0.637843312418951	-0.401089029737508	-0.321701239629209	-2.53749619618091	-3.68130632472364	-4.05637913523295	-0.440440146865914	-0.819984866786473	-0.166864453007967	-1.15137958692791	-3.44242970704813	-3.67002551065149	-0.175147314011288
M2	0.280744840095065	1.12654717842034	0.102133428714477	-3.4987907144272	-2.99835421105157	-4.39023209284764	0.22694212381794	-0.17580402950751	-0.0328668885434395	0.00300467875138112	-0.49292615136195	-3.2614854746824	0.368417154546308	0.171157510128657	0.198063962664586	0.454378547425188	-0.00882577702839046	0.217750157495312	-0.0560909723737998	-0.0103296469916068	-3.09521575219954	-0.0345886871678329	0.253054390643448	0.23408729410825	0.261524854916817	-0.026136381927314	0.772524698937551	0.219747338424609	-3.81106245745647	-3.2614854746824	-0.226065032183678	0.0211620896916893	-0.092115780837296	-3.63498984878947	-0.0764553136683089	0.0182192038573538	-0.133479349270227	0.0589953005970183	-0.238655147243084	0.231650261898047	0.430271010577711	0.254994645713507	-0.176271755873653	-0.953117074325214	-3.71831728545693	-3.57220772217065	-0.215740028437447	-0.076441143787065	-0.253441459963898	0.116534564966811	-3.55246667103411	-0.0846008346498208	-4.42814208240857	0.408962350730773	-0.0516080161457421	-0.0256734847975274	0.0364150522477261	-3.36619249096184	-0.5099591922277	-0.106916941449188	-0.22778323565177	-0.259535905069748	0.221912997220124	0.0917630663664387	-4.27112600182906	-0.19767009558719	-0.100772621649487
M3	0.106540292678383	-3.28178141724961	-0.0994947458969956	-3.90707588282028	-3.40663937944465	0.523704101557235	-0.0615440707908811	0.169232507911804	0.0817165550254583	-0.0421044802969514	-0.424119016070773	0.330272784201379	0.302549929286358	-0.299275119586231	0.488746126038429	-0.430998924652156	0.512288820777483	-0.190535010897771	0.0887871188050971	0.16290412540722	-3.50350092059262	-1.04543145619164	0.620499793487283	-0.20686694186544	0.552174949385669	-5.1334002404592	0.219747338424609	0.859556007851551	-4.21934762584955	0.807365087885639	-0.810437840587157	0.274505039805627	0.0823524921855996	-0.0432315899056926	-0.482472621000326	0.165922672122779	-1.31990973623779	0.589157002133049	0.145444089006988	0.486119526380846	0.461311626902265	0.784548764690298	-0.411013105210027	-5.36144566999516	-4.12660245385001	-3.98049289056373	-0.156665687655127	-0.333989028608594	-1.0016741988857	0.0343415690872517	0.641319009127106	-0.24301064096171	-4.83642725080165	0.301696321046758	-0.251617878438673	-0.629478155395408	0.413575321385773	0.225565767921939	-4.91828778789765	-5.29336059840696	-0.398709150609542	-1.45492262416667	0.454981228295157	0.390470066885925	0.0987473183425501	-0.0619027296486742	-0.0410817050649778
M4	-2.82161049469119	-1.13074733946595	0.515837416497689	-1.75604180503662	-1.255605301661	-2.64748318345706	0.0403150238367001	-3.21121360868163	-2.76725371011399	-3.36819310487882	-2.75022066924824	-1.51873656529183	-2.58781262620192	1.03886397502188	-3.17313382096561	-2.28000827414536	-2.56712857748304	-2.03954436039098	-0.0457145107492835	-4.23136903700555	-1.35246684280897	-0.191457437958257	-3.4813194023315	-3.86201351665027	-1.99576966296947	-2.98236616267554	-3.81106245745647	-4.21934762584955	2.23273816177933	-1.51873656529183	-3.26147461135779	0.340666866416736	0.288946831579775	-1.8922409393989	0.0842330523043544	0.351612555018127	0.3540175628264	-3.64541537240358	-3.19488492799131	-3.02560517163448	-2.42905092858601	-2.47939217585704	0.11165324577018	0.78963183506536	-1.97556837606635	-1.82945881278008	0.350958153887413	-4.7157094571765	-0.0547465322957348	-0.144994902142718	-1.80971776164353	-3.29609926016601	-2.68539317301799	-2.14934044972388	-3.72383412508617	-0.185971677989798	-4.61177132200752	-1.62344358157127	-2.76725371011399	-3.1423265206233	-3.52643095953313	-4.20698396202205	-3.85488268695261	0.239765331365995	-2.52837709243848	-2.75597289604184	-3.56214640924687
M5	-2.27203351191712	-0.581170356691886	-3.41172133168937	-1.20646482226256	-0.706028318886931	-2.097906200683	-3.4101514206661	-2.66163662590756	-2.21767672733992	-2.81861612210475	-2.20064368647417	-0.969159582517762	-2.03823564342785	-2.71261075204928	-2.62355683819155	-1.7304312913713	-2.01755159470898	-1.48996737761691	-3.79718923782044	0.795343676729637	-0.802889860034901	-0.683233661179261	-2.93174241955744	-3.3124365338762	-1.44619268019541	-2.43278917990147	-3.2614854746824	0.807365087885639	-1.51873656529183	-0.969159582517762	-2.71189762858373	0.35513504209945	-3.16151961292302	-1.34266395662483	-0.24123240941893	-3.57594619316893	-3.39745716424476	-3.09583838962951	-2.64530794521724	-2.47602818886042	-1.87947394581195	-1.92981519308298	-3.63982148130098	-2.66083460943744	-1.42599139329229	-1.27988183000601	0.900535136661479	-4.16613247440244	-3.98230528048279	-3.59546134664552	-1.26014077886947	-2.74652227739194	-2.13581619024393	-1.59976346694981	-3.1742571423121	-3.6364381224926	0.539876509320845	-1.0738665987972	-2.21767672733992	-2.59274953784924	-2.97685397675906	-3.65740697924799	0.694737723098313	-3.68779341682106	-1.97880010966442	-2.20639591326778	-3.0125694264728
M6	-4.01477155798309	-2.32390840275785	-0.251363962116298	-2.94920286832853	-2.4487663649529	-3.84064424674897	-0.0389427737112933	-0.404331244696667	0.0396286538709712	-0.260302458325493	0.357669977305085	-2.71189762858373	-3.78097368949382	-4.45534879811525	-0.0652431744122883	-3.47316933743726	0.239753786501917	-3.23270542368288	-0.178197559636046	-0.424525757374349	-2.54562790610087	0.325264046463811	-0.674437038346541	-0.0551702370190658	-3.18893072626137	-0.175483798690579	-0.226065032183678	-0.810437840587157	-3.26147461135779	-2.71189762858373	1.02248702771583	-0.288224082476999	-0.904214231712128	-3.0854020026908	-0.228116933033747	-0.318679896311794	-0.295090966133903	-4.83857643569548	-4.38804599128321	-4.21876623492639	-3.62221199187791	-3.67255323914894	-0.303374662213721	0.374585833061286	-3.16872943935825	-3.02261987607198	-4.84224633668135	-0.340667622634125	-0.10179300211761	0.0235303315388823	-3.00287882493543	-4.48926032345791	0.121489190966968	0.65754191426108	-0.916951761101206	0.420165070250792	-0.236729487465139	-2.81660464486317	0.0396286538709712	-0.0344358740699806	0.183503392814007	0.385185521654396	-0.445972901690222	-0.200079986842847	-3.72153815573039	-3.94913395933375	-0.454255762693544
M7	0.215757466063876	0.596998713887299	0.0350170717688505	0.418856695948427	-0.226794511169683	-0.0389310807470915	0.0611504917867428	-0.0301575952430435	-0.158701607404016	0.0532713874229894	0.0189101730860688	-0.18891749223215	-0.23682390018951	0.122605676903341	0.145668376326418	-0.0207894348867275	-0.0612385119030697	0.0684078679767018	-0.112523793580323	0.0109161097675571	-4.32369947959452	-0.443061448774989	0.205459452989388	-0.35323906667257	0.394727424495344	-0.777504645118512	0.0211620896916893	0.274505039805627	0.340666866416736	0.35513504209945	-0.288224082476999	0.376860120378813	0.366888828963835	-0.562421866339221	-0.205640615758312	0.105459990335265	-0.220166151148032	0.220940492170577	0.288727447615654	0.36677435947834	0.280958576783255	0.151436264420218	-0.00559884167813017	-0.284016587967108	-0.946757585575039	-0.0225329610009355	0.351884974504115	-0.0387773056242351	-0.295480505728804	0.0229782828827658	-0.00279190986439087	0.111066185709716	-0.426174333759359	-0.275468842332603	-0.135160017195266	-0.450529874392378	0.0399350207661609	0.25042802582001	-5.73848634689954	-0.999612464388082	-0.563164640081821	-1.0108989686211	0.184184675313217	0.312011498594497	0.0685931686102462	0.0581250141409585	0.102104801313614
