,E3,E1,T2,T9,T4,T10,S,T1,DC4,DC3,CD8_3,DC2,M6,M13,M5,Mo8,M12,M2,M11,CD4_3,Mo3,M3,Mo4,M9,M8,NK2,N4,N5,N2,N3,T6,Mo2,Mo7,M1,M7,M4,Mo5,Mo6,B2,CD4_2,CD8_5,CD8_4,CD45_2,NKT,NK1,L,CD4_1,CD8_2,CD8_6,Treg2,CD8_1,B1,Treg1,CD4_4,CD45_1,N1,T3,T12,T5,T8,T11,DC1,M10,E2,Mo1,N7,N6,T7
E3,0,2,0,0,0,0,0,0,0,0,0,0,0,0,0,0,0,0,4,0,0,0,0,0,0,0,0,0,0,0,0,3,0,9,0,0,0,0,0,0,0,0,0,0,1,0,1,0,0,0,0,0,0,0,0,0,0,6,5,0,0,1,0,6,1,0,0,0
E1,2,2230,1,7,88,130,6,2,3,13,19,4,22,5,0,3,1,344,218,0,69,61,37,1,100,5,1,28,13,0,397,356,2,4280,1388,4,14,33,1,1,2,0,7,55,410,103,284,127,72,84,19,30,1,1,362,225,6,1676,255,269,620,16,41,577,3710,438,787,252
T2,0,1,0,0,0,0,0,0,0,0,0,0,0,0,1,0,0,4,0,0,0,1,0,0,0,0,0,0,0,0,0,0,0,8,10,0,0,0,0,0,0,0,0,0,0,0,0,0,0,0,0,0,0,0,0,0,0,21,1,3,7,0,0,1,1,0,0,1
T9,0,7,0,4,5,8,0,0,0,0,17,0,3,0,0,0,0,4,4,0,3,0,0,0,3,1,0,1,0,0,19,7,0,208,55,0,3,0,0,0,0,0,0,3,3,22,7,5,4,1,1,0,0,0,5,10,0,39,8,10,35,0,0,5,69,38,33,4
T4,0,88,0,5,648,53,2,7,1,0,22,1,52,0,0,0,0,141,407,0,3,0,0,0,1,2,0,0,10,0,580,23,0,5328,293,1,1,0,0,0,2,0,9,1,46,29,25,25,11,10,1,0,1,0,33,31,33,2393,892,88,1413,2,3,25,463,180,70,84
T10,0,130,0,8,53,1560,2,3,2,3,15,0,27,0,6,1,0,914,47,0,80,19,15,32,40,0,9,63,67,34,255,88,0,2291,733,1,4,0,1,1,0,0,2,20,85,62,89,32,20,19,6,10,0,0,182,1311,2,2964,140,253,1035,13,67,179,737,3349,6449,106
S,0,6,0,0,2,2,2,0,0,1,0,0,2,19,0,0,0,14,2,1,1,0,0,0,0,0,0,0,0,0,8,3,0,56,19,0,0,0,0,0,0,0,0,0,7,13,9,3,0,9,0,3,0,0,4,2,0,46,4,0,13,1,1,1,45,5,11,1
T1,0,2,0,0,7,3,0,2,0,0,0,0,0,0,0,0,0,22,25,0,1,0,0,0,2,0,0,0,1,0,2,1,0,79,25,0,1,0,0,0,1,0,1,0,1,26,2,2,1,0,0,0,0,0,4,0,0,97,34,5,12,2,0,3,20,5,2,20
DC4,0,3,0,0,1,2,0,0,0,0,0,0,0,0,1,0,0,0,1,1,1,2,0,0,2,0,0,3,0,0,0,1,0,9,12,0,0,0,0,0,0,0,0,1,2,0,6,1,1,1,0,2,0,0,3,0,0,6,0,3,1,0,0,10,16,7,10,1
DC3,0,13,0,0,0,3,1,0,0,4,0,0,1,0,0,0,0,20,5,0,1,2,3,0,1,0,0,2,0,0,5,8,0,87,26,0,0,0,0,0,0,0,1,2,10,0,9,1,0,5,1,0,0,0,4,1,0,73,11,6,19,3,5,12,39,8,14,6
CD8_3,0,19,0,17,22,15,0,0,0,0,34,0,3,0,0,0,0,17,24,0,5,1,1,0,4,6,0,4,1,0,42,14,0,522,70,0,2,0,0,0,0,0,3,4,11,6,8,4,4,1,0,0,0,0,6,24,1,135,30,20,100,1,1,19,151,69,66,14
DC2,0,4,0,0,1,0,0,0,0,0,0,0,0,0,0,1,0,8,6,0,2,0,0,0,4,0,0,0,0,0,1,2,0,71,18,0,0,0,0,0,0,0,0,0,0,5,5,2,0,0,0,0,0,0,5,1,0,26,9,6,10,1,0,4,26,3,17,4
M6,0,22,0,3,52,27,2,0,0,1,3,0,140,2,0,0,0,23,50,0,3,1,4,3,1,0,3,3,9,0,277,12,0,1849,463,3,4,0,0,0,0,0,1,1,17,1,6,13,1,4,1,1,0,0,18,31,6,701,100,177,471,0,4,11,313,144,106,37
M13,0,5,0,0,0,0,19,0,0,0,0,0,2,40,0,0,0,2,0,1,2,0,0,0,1,0,0,0,1,0,1,2,0,32,7,0,0,0,0,0,0,0,0,1,10,0,2,1,0,2,0,5,0,0,11,7,0,4,0,1,6,0,1,5,51,3,10,0
M5,0,0,1,0,0,6,0,0,1,0,0,0,0,0,2,0,0,87,0,0,0,1,0,0,4,0,0,1,0,0,1,0,0,21,20,0,0,1,0,0,0,0,0,1,1,3,2,0,0,0,0,0,0,0,13,5,0,129,6,7,10,0,5,5,4,11,60,6
Mo8,0,3,0,0,0,1,0,0,0,0,0,1,0,0,0,0,0,22,1,0,0,2,0,0,3,0,0,2,0,0,0,4,0,7,14,0,0,1,0,0,0,0,0,0,3,2,2,1,0,0,0,1,0,0,5,0,0,35,0,5,2,0,5,2,7,0,2,4
M12,0,1,0,0,0,0,0,0,0,0,0,0,0,0,0,0,0,2,3,0,0,0,0,0,0,0,0,2,0,0,1,0,0,4,12,0,0,0,0,0,0,0,1,0,0,5,2,0,0,0,0,0,0,0,1,0,0,11,1,1,1,0,0,2,2,0,0,3
M2,0,344,4,4,141,914,14,22,0,20,17,8,23,2,87,22,2,8044,455,0,33,54,32,60,97,5,2,35,34,17,257,139,5,5694,1425,1,6,7,0,5,1,0,19,24,214,86,221,70,47,54,14,18,0,0,583,646,22,10922,620,600,2306,62,339,526,1478,1951,4706,599
M11,4,218,0,4,407,47,2,25,1,5,24,6,50,0,0,1,3,455,1032,0,3,6,10,2,8,2,0,0,14,0,423,28,0,7266,453,0,2,0,0,0,11,0,46,10,59,50,49,51,30,56,6,3,1,0,74,16,49,2524,1096,138,960,15,9,60,1067,157,48,289
CD4_3,0,0,0,0,0,0,1,0,1,0,0,0,0,1,0,0,0,0,0,0,0,0,0,0,3,0,0,0,0,0,0,10,0,3,11,0,0,0,0,0,0,0,0,3,6,0,10,0,0,0,0,2,0,0,2,0,0,5,0,3,2,0,0,10,16,2,11,3
Mo3,0,69,0,3,3,80,1,1,1,1,5,2,3,2,0,0,0,33,3,0,222,3,3,0,26,0,0,21,13,0,25,55,0,581,315,0,2,0,0,0,0,0,0,17,98,6,67,16,27,12,2,5,2,0,79,187,1,133,4,100,64,1,4,102,676,557,609,32
M3,0,61,1,0,0,19,0,0,2,2,1,0,1,0,1,2,0,54,6,0,3,256,58,0,43,1,0,22,2,0,8,106,1,98,1179,1,4,19,0,1,0,0,1,7,72,118,62,20,10,14,7,23,0,0,62,43,1,524,8,181,9,16,70,171,195,26,217,133
Mo4,0,37,0,0,0,15,0,0,0,3,1,0,4,0,0,0,0,32,10,0,3,58,24,0,13,0,0,8,1,0,16,69,0,115,321,0,5,10,1,0,0,0,1,4,33,1,22,6,3,12,2,10,0,0,25,34,1,184,9,64,12,12,20,50,132,32,108,48
M9,0,1,0,0,0,32,0,0,0,0,0,0,3,0,0,0,0,60,2,0,0,0,0,4,0,0,0,1,7,3,18,4,0,180,6,0,1,0,0,0,0,0,0,1,1,0,1,3,1,1,1,0,0,0,8,28,0,66,4,6,48,0,3,6,33,173,232,2
M8,0,100,0,3,1,40,0,2,2,1,4,4,1,1,4,3,0,97,8,3,26,43,13,0,228,2,0,36,9,0,20,200,2,394,1761,2,13,23,2,5,1,0,7,47,237,42,207,55,43,60,12,30,4,0,195,158,0,337,9,351,47,6,16,198,693,112,514,172
NK2,0,5,0,1,2,0,0,0,0,0,6,0,0,0,0,0,0,5,2,0,0,1,0,0,2,0,0,0,0,0,0,0,0,34,19,0,0,0,0,0,0,0,1,3,3,0,1,1,2,1,0,1,0,0,6,6,0,13,2,8,3,1,2,1,16,2,11,5
N4,0,1,0,0,0,9,0,0,0,0,0,0,3,0,0,0,0,2,0,0,0,0,0,0,0,0,2,1,1,0,4,1,0,40,42,0,0,0,0,0,0,0,0,0,1,0,0,2,1,0,0,0,0,0,1,14,0,15,0,10,14,0,0,0,15,42,63,1
N5,0,28,0,1,0,63,0,0,3,2,4,0,3,0,1,2,2,35,0,0,21,22,8,1,36,0,1,62,5,0,8,69,1,161,726,1,4,8,1,0,0,0,0,17,76,5,60,7,9,7,0,5,0,0,61,147,0,118,0,168,27,2,8,101,224,171,654,50
N2,0,13,0,0,10,67,0,1,0,0,1,0,9,1,0,0,0,34,14,0,13,2,1,7,9,0,1,5,34,1,89,21,0,804,112,0,1,0,0,0,0,0,1,2,12,0,12,6,8,1,0,1,0,0,30,158,0,169,17,39,144,1,5,18,186,305,420,14
N3,0,0,0,0,0,34,0,0,0,0,0,0,0,0,0,0,0,17,0,0,0,0,0,3,0,0,0,0,1,4,2,1,0,26,7,0,0,0,0,0,0,0,0,0,0,0,0,0,0,1,0,0,0,0,3,118,0,50,1,5,11,0,1,1,8,75,495,0
T6,0,397,0,19,580,255,8,2,0,5,42,1,277,1,1,0,1,257,423,0,25,8,16,18,20,0,4,8,89,2,3312,109,0,15952,892,1,10,1,0,0,6,0,17,17,142,128,77,52,31,42,3,9,1,0,142,293,74,5454,786,322,3561,11,18,105,2483,1451,930,324
Mo2,3,356,0,7,23,88,3,1,1,8,14,2,12,2,0,4,0,139,28,10,55,106,69,4,200,0,1,69,21,1,109,668,9,1543,2230,1,42,38,5,3,1,0,6,73,415,67,376,86,54,88,35,48,2,1,331,266,0,829,43,451,166,17,52,443,2056,292,1084,297
Mo7,0,2,0,0,0,0,0,0,0,0,0,0,0,0,0,0,0,5,0,0,0,1,0,0,2,0,0,1,0,0,0,9,0,6,31,0,1,2,0,0,0,0,0,0,1,0,2,1,5,1,0,2,0,0,4,0,0,8,0,6,0,0,1,3,10,0,7,1
M1,9,4280,8,208,5328,2291,56,79,9,87,522,71,1849,32,21,7,4,5694,7266,3,581,98,115,180,394,34,40,161,804,26,15952,1543,6,189316,15157,45,87,10,2,6,61,0,312,321,2639,1036,1655,902,618,740,106,118,21,7,2640,2852,490,39976,8124,4142,26627,122,210,1653,34995,12044,9740,2941
M7,0,1388,10,55,293,733,19,25,12,26,70,18,463,7,20,14,12,1425,453,11,315,1179,321,6,1761,19,42,726,112,7,892,2230,31,15157,30356,23,170,226,17,52,5,0,32,338,2087,1711,1731,449,360,523,126,245,13,1,1937,1923,16,9094,688,6155,2617,88,410,2392,9042,1951,6137,2634
M4,0,4,0,0,1,1,0,0,0,0,0,0,3,0,0,0,0,1,0,0,0,1,0,0,2,0,0,1,0,0,1,1,0,45,23,0,1,0,0,0,0,0,0,1,1,6,1,1,0,0,0,1,0,0,5,0,0,3,2,5,2,0,0,2,28,4,12,4
Mo5,0,14,0,3,1,4,0,1,0,0,2,0,4,0,0,0,0,6,2,0,2,4,5,1,13,0,0,4,1,0,10,42,1,87,170,1,8,0,0,0,0,0,0,7,32,13,28,4,5,4,0,3,0,0,18,13,1,53,3,21,17,0,3,15,185,16,47,20
Mo6,0,33,0,0,0,0,0,0,0,0,0,0,0,0,1,1,0,7,0,0,0,19,10,0,23,0,0,8,0,0,1,38,2,10,226,0,0,36,1,1,0,0,0,2,17,4,14,7,3,3,1,1,0,0,13,9,0,69,2,55,1,1,3,39,43,5,34,18
B2,0,1,0,0,0,1,0,0,0,0,0,0,0,0,0,0,0,0,0,0,0,0,1,0,2,0,0,1,0,0,0,5,0,2,17,0,0,1,0,0,0,0,0,1,1,0,5,0,0,0,0,0,0,0,3,1,0,4,0,6,0,0,0,2,8,0,3,4
CD4_2,0,1,0,0,0,1,0,0,0,0,0,0,0,0,0,0,0,5,0,0,0,1,0,0,5,0,0,0,0,0,0,3,0,6,52,0,0,1,0,0,0,0,0,0,2,0,7,1,3,1,0,3,0,0,9,3,0,6,1,14,1,0,0,4,12,1,3,8
CD8_5,0,2,0,0,2,0,0,1,0,0,0,0,0,0,0,0,0,1,11,0,0,0,0,0,1,0,0,0,0,0,6,1,0,61,5,0,0,0,0,0,0,0,0,0,1,6,2,2,0,2,0,0,0,0,3,0,0,13,5,1,9,0,0,3,27,2,1,2
CD8_4,0,0,0,0,0,0,0,0,0,0,0,0,0,0,0,0,0,0,0,0,0,0,0,0,0,0,0,0,0,0,0,0,0,0,0,0,0,0,0,0,0,0,0,0,0,0,0,0,0,1,0,0,0,0,0,0,0,0,0,0,1,0,0,0,6,0,0,0
CD45_2,0,7,0,0,9,2,0,1,0,1,3,0,1,0,0,0,1,19,46,0,0,1,1,0,7,1,0,0,1,0,17,6,0,312,32,0,0,0,0,0,0,0,6,4,8,14,11,7,4,7,2,2,1,0,6,0,0,87,34,10,25,2,1,10,82,6,6,9
NKT,0,55,0,3,1,20,0,0,1,2,4,0,1,1,1,0,0,24,10,3,17,7,4,1,47,3,0,17,2,0,17,73,0,321,338,1,7,2,1,0,0,0,4,78,167,1,95,16,32,36,10,14,1,0,73,47,1,105,9,61,46,3,3,85,478,58,150,34
NK1,1,410,0,3,46,85,7,1,2,10,11,0,17,10,1,3,0,214,59,6,98,72,33,1,237,3,1,76,12,0,142,415,1,2639,2087,1,32,17,1,2,1,0,8,167,782,44,518,100,100,130,21,51,5,0,502,259,1,845,73,522,304,15,39,497,2815,371,1018,260
L,0,103,0,22,29,62,13,26,0,0,6,5,1,0,3,2,5,86,50,0,6,118,1,0,42,0,0,5,0,0,128,67,0,1036,1711,6,13,4,0,0,6,0,14,1,44,23716,38,52,13,2,1,18,0,0,101,13,0,691,3,316,32,66,58,286,399,43,76,253
CD4_1,1,284,0,7,25,89,9,2,6,9,8,5,6,2,2,2,2,221,49,10,67,62,22,1,207,1,0,60,12,0,77,376,2,1655,1731,1,28,14,5,7,2,0,11,95,518,38,672,123,70,150,48,98,3,0,426,233,1,743,59,386,244,9,37,569,1978,283,876,240
CD8_2,0,127,0,5,25,32,3,2,1,1,4,2,13,1,0,1,0,70,51,0,16,20,6,3,55,1,2,7,6,0,52,86,1,902,449,1,4,7,0,1,2,0,7,16,100,52,123,44,21,27,5,14,1,0,93,51,0,329,65,115,116,3,9,116,576,101,188,68
CD8_6,0,72,0,4,11,20,0,1,1,0,4,0,1,0,0,0,0,47,30,0,27,10,3,1,43,2,1,9,8,0,31,54,5,618,360,0,5,3,0,3,0,0,4,32,100,13,70,21,26,32,5,11,2,0,94,41,0,208,36,100,84,3,5,72,431,72,152,59
Treg2,0,84,0,1,10,19,9,0,1,5,1,0,4,2,0,0,0,54,56,0,12,14,12,1,60,1,0,7,1,1,42,88,1,740,523,0,4,3,0,1,2,1,7,36,130,2,150,27,32,84,14,5,4,2,84,51,3,282,46,96,119,5,10,84,612,44,130,68
CD8_1,0,19,0,1,1,6,0,0,0,1,0,0,1,0,0,0,0,14,6,0,2,7,2,1,12,0,0,0,0,0,3,35,0,106,126,0,0,1,0,0,0,0,2,10,21,1,48,5,5,14,12,6,0,0,39,6,0,50,7,34,26,0,1,30,183,20,47,24
B1,0,30,0,0,0,10,3,0,2,0,0,0,1,5,0,1,0,18,3,2,5,23,10,0,30,1,0,5,1,0,9,48,2,118,245,1,3,1,0,3,0,0,2,14,51,18,98,14,11,5,6,40,0,0,54,28,0,122,12,80,17,1,17,93,184,23,114,37
Treg1,0,1,0,0,1,0,0,0,0,0,0,0,0,0,0,0,0,0,1,0,2,0,0,0,4,0,0,0,0,0,1,2,0,21,13,0,0,0,0,0,0,0,1,1,5,0,3,1,2,4,0,0,0,0,4,0,1,5,0,2,1,1,0,2,27,0,1,0
CD4_4,0,1,0,0,0,0,0,0,0,0,0,0,0,0,0,0,0,0,0,0,0,0,0,0,0,0,0,0,0,0,0,1,0,7,1,0,0,0,0,0,0,0,0,0,0,0,0,0,0,2,0,0,0,0,0,0,0,3,0,0,1,0,0,0,7,0,0,1
CD45_1,0,362,0,5,33,182,4,4,3,4,6,5,18,11,13,5,1,583,74,2,79,62,25,8,195,6,1,61,30,3,142,331,4,2640,1937,5,18,13,3,9,3,0,6,73,502,101,426,93,94,84,39,54,4,0,552,354,0,1185,90,467,445,18,59,520,2325,581,1601,319
N1,0,225,0,10,31,1311,2,0,0,1,24,1,31,7,5,0,0,646,16,0,187,43,34,28,158,6,14,147,158,118,293,266,0,2852,1923,0,13,9,1,3,0,0,0,47,259,13,233,51,41,51,6,28,0,0,354,3860,3,1828,50,544,950,20,69,492,1552,4589,12995,192
T3,0,6,0,0,33,2,0,0,0,0,1,0,6,0,0,0,0,22,49,0,1,1,1,0,0,0,0,0,0,0,74,0,0,490,16,0,1,0,0,0,0,0,0,1,1,0,1,0,0,3,0,0,1,0,0,3,12,177,67,3,60,0,0,1,50,30,5,15
T12,6,1676,21,39,2393,2964,46,97,6,73,135,26,701,4,129,35,11,10922,2524,5,133,524,184,66,337,13,15,118,169,50,5454,829,8,39976,9094,3,53,69,4,6,13,0,87,105,845,691,743,329,208,282,50,122,5,3,1185,1828,177,77546,9619,2836,13748,210,562,2521,7323,4756,9180,3723
T5,5,255,1,8,892,140,4,34,0,11,30,9,100,0,6,0,1,620,1096,0,4,8,9,4,9,2,0,0,17,1,786,43,0,8124,688,2,3,2,0,1,5,0,34,9,73,3,59,65,36,46,7,12,0,0,90,50,67,9619,3152,197,1704,43,19,195,1022,251,214,546
T8,0,269,3,10,88,253,0,5,3,6,20,6,177,1,7,5,1,600,138,3,100,181,64,6,351,8,10,168,39,5,322,451,6,4142,6155,5,21,55,6,14,1,0,10,61,522,316,386,115,100,96,34,80,2,0,467,544,3,2836,197,1936,1127,32,111,498,2167,747,2028,609
T11,0,620,7,35,1413,1035,13,12,1,19,100,10,471,6,10,2,1,2306,960,2,64,9,12,48,47,3,14,27,144,11,3561,166,0,26627,2617,2,17,1,0,1,9,1,25,46,304,32,244,116,84,119,26,17,1,1,445,950,60,13748,1704,1127,10556,31,87,217,3536,3229,4366,393
DC1,1,16,0,0,2,13,1,2,0,3,1,1,0,0,0,0,0,62,15,0,1,16,12,0,6,1,0,2,1,0,11,17,0,122,88,0,0,1,0,0,0,0,2,3,15,66,9,3,3,5,0,1,1,0,18,20,0,210,43,32,31,16,6,26,73,18,59,24
M10,0,41,0,0,3,67,1,0,0,5,1,0,4,1,5,5,0,339,9,0,4,70,20,3,16,2,0,8,5,1,18,52,1,210,410,0,3,3,0,0,0,0,1,3,39,58,37,9,5,10,1,17,0,0,59,69,0,562,19,111,87,6,80,113,145,120,394,53
E2,6,577,1,5,25,179,1,3,10,12,19,4,11,5,5,2,2,526,60,10,102,171,50,6,198,1,0,101,18,1,105,443,3,1653,2392,2,15,39,2,4,3,0,10,85,497,286,569,116,72,84,30,93,2,0,520,492,1,2521,195,498,217,26,113,3224,1975,611,1710,585
Mo1,1,3710,1,69,463,737,45,20,16,39,151,26,313,51,4,7,2,1478,1067,16,676,195,132,33,693,16,15,224,186,8,2483,2056,10,34995,9042,28,185,43,8,12,27,6,82,478,2815,399,1978,576,431,612,183,184,27,7,2325,1552,50,7323,1022,2167,3536,73,145,1975,26456,3666,5188,1531
N7,0,438,0,38,180,3349,5,5,7,8,69,3,144,3,11,0,0,1951,157,2,557,26,32,173,112,2,42,171,305,75,1451,292,0,12044,1951,4,16,5,0,1,2,0,6,58,371,43,283,101,72,44,20,23,0,0,581,4589,30,4756,251,747,3229,18,120,611,3666,17222,20363,265
N6,0,787,0,33,70,6449,11,2,10,14,66,17,106,10,60,2,0,4706,48,11,609,217,108,232,514,11,63,654,420,495,930,1084,7,9740,6137,12,47,34,3,3,1,0,6,150,1018,76,876,188,152,130,47,114,1,0,1601,12995,5,9180,214,2028,4366,59,394,1710,5188,20363,74124,681
T7,0,252,1,4,84,106,1,20,1,6,14,4,37,0,6,4,3,599,289,3,32,133,48,2,172,5,1,50,14,0,324,297,1,2941,2634,4,20,18,4,8,2,0,9,34,260,253,240,68,59,68,24,37,0,1,319,192,15,3723,546,609,393,24,53,585,1531,265,681,1148