,E3,E1,T2,T9,T4,S,T10,T1,DC4,DC3,CD8_3,DC2,M6,M13,M5,Mo8,M12,M2,M11,CD4_3,Mo3,M3,Mo4,M9,M8,NK2,N4,N5,N2,N3,T6,Mo2,Mo7,M1,M4,Mo6,B2,CD4_2,NKT,NK1,CD8_5,CD8_4,CD45_2,CD4_1,CD8_1,CD8_6,Treg2,CD8_2,Treg1,B1,T3,CD4_4,CD45_1,N1,L,T5,T12,T8,T11,M7,E2,Mo1,DC1,M10,Mo5,N7,N6,T7
E3,8,20,1,1,3,0,0,0,0,1,4,0,1,0,2,0,2,26,52,0,0,4,1,0,2,0,0,0,0,0,1,0,0,39,0,0,0,0,1,2,0,0,5,3,1,0,4,6,3,3,0,3,6,0,0,69,71,22,8,52,85,17,0,6,0,0,11,6
E1,20,4764,33,14,297,32,109,10,0,17,22,9,51,16,6,8,26,656,1794,21,29,197,123,1,98,1,1,24,12,0,370,353,2,3775,2,52,6,3,21,243,57,13,170,277,49,24,128,195,95,251,17,32,316,141,103,1946,3371,1010,809,2920,1213,2546,82,84,29,154,351,293
T2,1,33,22,1,26,0,9,0,0,1,1,2,1,0,4,1,20,87,187,0,1,11,4,0,24,0,0,1,0,0,1,11,1,178,0,0,0,0,0,4,4,0,6,10,6,3,17,5,4,8,0,2,23,4,1,332,338,380,63,541,60,54,8,10,2,4,13,25
T9,1,14,1,16,8,2,5,0,0,1,22,0,2,0,0,0,2,29,33,0,0,6,1,0,5,0,0,2,1,0,8,4,0,155,0,0,1,0,0,3,1,0,1,2,0,0,1,2,1,12,1,0,8,1,8,43,136,22,54,70,7,22,2,4,0,4,8,7
T4,3,297,26,8,740,7,94,5,0,2,14,2,48,2,11,1,25,610,2176,0,5,9,2,0,13,0,2,7,12,0,384,21,0,5335,3,0,1,0,1,37,20,0,79,30,6,9,26,27,18,29,65,4,65,31,68,2856,3191,672,1456,1501,115,407,19,12,2,230,106,107
S,0,32,0,2,7,28,4,0,0,0,1,0,1,12,0,0,1,17,45,5,1,8,10,0,15,0,0,6,0,0,4,26,0,161,0,0,1,0,2,18,1,1,6,31,8,2,7,16,7,149,0,0,32,9,21,50,84,51,15,142,19,80,0,5,0,15,25,11
T10,0,109,9,5,94,4,1066,1,1,1,3,3,13,1,11,2,3,446,434,1,23,30,16,11,17,1,2,54,14,4,101,66,0,1482,0,4,1,0,3,49,8,0,31,42,3,6,10,31,10,34,7,0,73,413,21,794,2049,408,661,751,182,256,16,18,6,906,1820,78
T1,0,10,0,0,5,0,1,2,0,0,0,0,0,0,0,2,2,59,104,2,0,2,5,0,2,0,0,0,1,0,11,10,0,179,0,0,1,0,0,5,3,0,13,23,0,1,7,2,6,55,1,2,36,1,11,59,133,27,13,121,18,80,5,3,0,7,11,38
DC4,0,0,0,0,0,0,1,0,0,0,0,0,0,0,0,0,0,6,6,1,0,2,2,0,1,0,0,0,0,0,0,7,0,25,0,0,0,0,0,2,1,0,2,11,1,0,4,1,1,11,0,0,12,0,1,3,13,7,0,24,2,25,0,1,0,1,1,6
DC3,1,17,1,1,2,0,1,0,0,14,0,0,1,0,0,2,2,25,39,0,0,5,12,0,7,2,0,1,0,0,1,11,1,67,0,3,0,1,1,11,2,0,4,8,6,2,14,4,3,1,0,1,15,5,0,42,114,35,20,93,27,46,7,5,2,2,30,11
CD8_3,4,22,1,22,14,1,3,0,0,0,50,1,3,0,0,0,2,59,110,0,0,5,6,1,8,5,0,1,3,0,19,6,0,366,1,1,0,0,0,11,3,0,10,8,2,1,5,8,1,7,1,0,18,8,27,80,143,21,56,124,17,91,4,6,1,15,12,10
DC2,0,9,2,0,2,0,3,0,0,0,1,2,0,0,0,0,0,7,26,1,0,2,1,0,10,0,0,0,0,0,1,4,0,43,0,0,1,0,2,4,1,0,4,7,0,1,1,5,2,5,1,0,17,0,4,26,34,15,20,73,5,17,5,2,0,1,4,10
M6,1,51,1,2,48,1,13,0,0,1,3,0,50,0,1,0,3,53,131,1,0,0,0,1,1,0,1,2,6,0,80,3,0,826,0,0,0,0,0,8,4,0,6,7,1,1,3,2,1,1,1,0,4,11,0,243,266,139,206,244,9,84,0,0,0,45,14,6
M13,0,16,0,0,2,12,1,0,0,0,0,0,0,20,0,0,1,1,7,2,2,3,7,0,1,0,0,2,0,0,5,9,0,48,0,0,0,0,0,4,0,0,0,4,1,0,1,6,1,8,0,0,13,9,2,2,15,11,2,65,13,24,0,1,0,8,19,5
M5,2,6,4,0,11,0,11,0,0,0,0,0,1,0,62,0,0,342,178,0,0,7,1,0,2,0,0,1,0,0,0,3,0,97,0,1,0,0,0,4,0,0,20,7,0,2,2,3,1,0,0,0,5,2,5,299,645,119,105,161,36,6,5,7,0,6,22,44
Mo8,0,8,1,0,1,0,2,2,0,2,0,0,0,0,0,0,0,10,17,1,0,9,9,0,3,1,0,0,0,0,0,10,0,16,0,0,0,1,0,0,0,0,4,5,0,1,0,5,2,10,0,0,21,2,14,15,58,18,2,57,13,31,2,4,0,1,7,21
M12,2,26,20,2,25,1,3,2,0,2,2,0,3,1,0,0,18,68,174,0,0,8,9,0,8,2,0,4,1,0,8,12,0,187,0,0,1,1,1,11,5,0,20,20,1,0,12,4,10,23,1,2,30,4,12,206,259,205,61,439,41,71,11,6,5,6,12,39
M2,26,656,87,29,610,17,446,59,6,25,59,7,53,1,342,10,68,8364,8691,9,17,134,88,3,171,8,1,35,6,0,185,183,3,9341,1,3,4,4,14,178,98,2,464,307,36,49,166,183,96,227,18,21,594,144,118,6986,13762,2112,2837,5401,956,1674,199,205,7,491,951,1241
M11,52,1794,187,33,2176,45,434,104,6,39,110,26,131,7,178,17,174,8691,21880,42,52,150,110,7,193,2,9,35,53,1,1082,323,3,31912,7,3,12,6,39,407,306,24,1172,684,99,112,359,497,331,693,165,123,999,157,260,15431,20326,3630,5241,11332,1594,5230,236,260,25,949,541,1845
CD4_3,0,21,0,0,0,5,1,2,1,0,0,1,1,2,0,1,0,9,42,148,1,5,5,0,13,0,0,0,0,0,0,27,0,88,0,0,9,0,6,37,10,2,20,345,69,4,51,139,15,1056,1,14,101,5,0,19,82,15,6,67,35,282,1,8,0,7,36,28
Mo3,0,29,1,0,5,1,23,0,0,0,0,0,0,2,0,0,0,17,52,1,38,5,7,3,11,0,0,5,6,1,2,32,1,188,0,0,0,0,4,34,3,0,13,33,3,4,17,21,9,48,0,4,40,52,7,36,78,46,26,221,30,258,2,4,2,151,150,28
M3,4,197,11,6,9,8,30,2,2,5,5,2,0,3,7,9,8,134,150,5,5,414,198,0,89,5,0,28,0,0,1,233,5,147,0,56,3,2,9,73,4,0,34,78,7,8,49,21,10,78,2,6,126,72,120,178,1160,463,48,2037,338,282,39,70,17,26,207,210
Mo4,1,123,4,1,2,10,16,5,2,12,6,1,0,7,1,9,9,88,110,5,7,198,214,0,47,4,0,12,2,0,3,261,10,140,0,24,3,1,7,97,1,0,36,96,18,4,38,36,14,69,3,3,139,52,24,87,562,226,18,1010,243,318,33,78,5,24,201,136
M9,0,1,0,0,0,0,11,0,0,0,1,0,1,0,0,0,0,3,7,0,3,0,0,0,0,0,1,1,2,0,1,0,0,73,0,0,0,0,0,0,0,0,0,2,0,0,0,0,2,3,0,0,1,6,0,5,19,2,8,10,2,13,0,0,1,31,19,0
M8,2,98,24,5,13,15,17,2,1,7,8,10,1,1,2,3,8,171,193,13,11,89,47,0,326,2,0,21,1,0,9,189,4,394,0,15,35,10,25,229,20,2,72,253,51,31,118,81,36,698,1,19,436,42,26,192,506,550,44,2170,180,702,33,34,16,28,117,183
NK2,0,1,0,0,0,0,1,0,0,2,5,0,0,0,0,1,2,8,2,0,0,5,4,0,2,0,0,1,0,0,0,4,0,8,0,1,0,0,1,5,0,0,0,4,0,1,1,3,0,0,0,0,6,1,3,6,28,4,2,38,2,13,0,6,1,1,6,12
N4,0,1,0,0,2,0,2,0,0,0,0,0,1,0,0,0,0,1,9,0,0,0,0,1,0,0,0,0,0,0,2,0,0,21,0,0,0,0,0,0,0,0,0,0,0,0,0,0,0,0,0,0,3,3,0,8,17,3,6,13,1,11,0,0,0,14,5,0
N5,0,24,1,2,7,6,54,0,0,1,1,0,2,2,1,0,4,35,35,0,5,28,12,1,21,1,0,34,1,0,1,40,1,62,0,9,0,0,5,25,1,0,8,21,1,3,8,11,2,8,0,0,25,43,11,34,157,118,19,485,35,76,5,15,2,64,165,17
N2,0,12,0,1,12,0,14,1,0,0,3,0,6,0,0,0,1,6,53,0,6,0,2,2,1,0,0,1,18,0,19,4,0,403,1,0,0,0,0,6,1,0,3,2,3,2,0,1,2,0,5,1,3,29,2,37,70,11,39,56,6,82,0,1,1,119,24,6
N3,0,0,0,0,0,0,4,0,0,0,0,0,0,0,0,0,0,0,1,0,1,0,0,0,0,0,0,0,0,2,2,0,0,4,0,0,0,0,0,0,0,0,0,0,0,0,0,0,0,0,0,0,1,8,0,1,7,0,7,1,0,0,0,0,0,10,29,0
T6,1,370,1,8,384,4,101,11,0,1,19,1,80,5,0,0,8,185,1082,0,2,1,3,1,9,0,2,1,19,2,1080,23,0,6212,1,0,1,0,2,34,13,4,62,74,12,9,22,30,23,57,61,13,62,67,80,960,1723,179,1213,564,61,830,8,9,1,299,154,84
Mo2,0,353,11,4,21,26,66,10,7,11,6,4,3,9,3,10,12,183,323,27,32,233,261,0,189,4,0,40,4,0,23,1234,12,895,1,110,25,3,29,385,27,4,120,403,67,26,158,194,63,783,1,17,595,127,59,234,1329,626,107,2526,590,2014,62,94,60,110,574,302
Mo7,0,2,1,0,0,0,0,0,0,1,0,0,0,0,0,0,0,3,3,0,1,5,10,0,4,0,0,1,0,0,0,12,0,13,0,1,1,0,1,5,1,0,1,6,0,0,2,4,0,6,0,0,7,0,0,1,18,5,1,53,17,23,1,3,0,1,2,15
M1,39,3775,178,155,5335,161,1482,179,25,67,366,43,826,48,97,16,187,9341,31912,88,188,147,140,73,394,8,21,62,403,4,6212,895,13,127598,46,9,20,10,95,1032,470,45,1540,1632,275,186,733,1044,797,1385,690,238,2210,843,668,20185,32731,5626,15970,22623,1641,17330,286,217,80,5493,2442,2498
M4,0,2,0,0,3,0,0,0,0,0,1,0,0,0,0,0,0,1,7,0,0,0,0,0,0,0,0,0,1,0,1,1,0,46,0,0,0,0,0,2,1,0,1,1,2,0,0,2,1,2,0,0,0,0,3,1,10,0,0,22,1,18,0,0,0,1,0,2
Mo6,0,52,0,0,0,0,4,0,0,3,1,0,0,0,1,0,0,3,3,0,0,56,24,0,15,1,0,9,0,0,0,110,1,9,0,132,1,0,1,12,0,0,7,15,1,2,8,5,3,10,1,1,30,11,9,19,375,145,0,686,74,97,1,11,5,5,32,35
B2,0,6,0,1,1,1,1,1,0,0,0,1,0,0,0,0,1,4,12,9,0,3,3,0,35,0,0,0,0,0,1,25,1,20,0,1,34,0,2,18,2,1,13,26,2,3,13,33,5,608,0,1,51,1,2,4,43,21,2,166,1,54,1,3,2,0,15,15
CD4_2,0,3,0,0,0,0,0,0,0,1,0,0,0,0,0,1,1,4,6,0,0,2,1,0,10,0,0,0,0,0,0,3,0,10,0,0,0,0,0,2,0,0,3,7,1,2,2,0,3,16,0,0,23,0,10,6,12,10,1,31,4,32,0,1,0,1,2,3
NKT,1,21,0,0,1,2,3,0,0,1,0,2,0,0,0,0,1,14,39,6,4,9,7,0,25,1,0,5,0,0,2,29,1,95,0,1,2,0,18,88,8,3,21,59,19,10,16,54,32,136,1,5,76,3,0,25,43,32,10,159,29,250,2,3,4,16,26,19
NK1,2,243,4,3,37,18,49,5,2,11,11,4,8,4,4,0,11,178,407,37,34,73,97,0,229,5,0,25,6,0,34,385,5,1032,2,12,18,2,88,654,35,2,154,416,103,64,190,242,107,925,3,34,593,63,49,314,817,465,110,1908,281,1886,31,46,25,100,318,220
CD8_5,0,57,4,1,20,1,8,3,1,2,3,1,4,0,0,0,5,98,306,10,3,4,1,0,20,0,0,1,1,0,13,27,1,470,1,0,2,0,8,35,28,1,68,74,17,6,22,72,17,224,1,11,88,6,20,142,251,53,51,239,23,327,5,3,2,19,26,42
CD8_4,0,13,0,0,0,1,0,0,0,0,0,0,0,0,0,0,0,2,24,2,0,0,0,0,2,0,0,0,0,0,4,4,0,45,0,0,1,0,3,2,1,2,11,28,1,0,5,13,6,38,1,4,14,3,0,7,13,4,4,11,5,65,0,0,1,3,4,7
CD45_2,5,170,6,1,79,6,31,13,2,4,10,4,6,0,20,4,20,464,1172,20,13,34,36,0,72,0,0,8,3,0,62,120,1,1540,1,7,13,3,21,154,68,11,448,275,39,21,98,177,85,1009,9,42,393,19,104,825,1355,262,223,923,185,1434,17,19,11,57,85,222
CD4_1,3,277,10,2,30,31,42,23,11,8,8,7,7,4,7,5,20,307,684,345,33,78,96,2,253,4,0,21,2,0,74,403,6,1632,1,15,26,7,59,416,74,28,275,2162,358,87,331,639,168,2961,0,125,1164,44,40,418,1033,469,175,1846,347,3376,35,67,23,110,296,367
CD8_1,1,49,6,0,6,8,3,0,1,6,2,0,1,1,0,0,1,36,99,69,3,7,18,0,51,0,0,1,3,0,12,67,0,275,2,1,2,1,19,103,17,1,39,358,112,17,92,150,34,439,1,25,230,6,6,34,118,66,32,244,55,712,3,11,2,26,41,56
CD8_6,0,24,3,0,9,2,6,1,0,2,1,1,1,0,2,1,0,49,112,4,4,8,4,0,31,1,0,3,2,0,9,26,0,186,0,2,3,2,10,64,6,0,21,87,17,2,27,43,13,101,1,6,99,8,18,66,119,51,23,239,29,230,5,3,0,15,32,32
Treg2,4,128,17,1,26,7,10,7,4,14,5,1,3,1,2,0,12,166,359,51,17,49,38,0,118,1,0,8,0,0,22,158,2,733,0,8,13,2,16,190,22,5,98,331,92,27,204,132,109,660,2,29,353,23,32,276,565,333,103,1124,171,1015,28,21,11,46,139,143
CD8_2,6,195,5,2,27,16,31,2,1,4,8,5,2,6,3,5,4,183,497,139,21,21,36,0,81,3,0,11,1,0,30,194,4,1044,2,5,33,0,54,242,72,13,177,639,150,43,132,472,96,1693,4,57,440,45,39,268,548,174,115,850,162,1780,17,34,11,105,193,152
Treg1,3,95,4,1,18,7,10,6,1,3,1,2,1,1,1,2,10,96,331,15,9,10,14,2,36,0,0,2,2,0,23,63,0,797,1,3,5,3,32,107,17,6,85,168,34,13,109,96,92,340,0,19,188,17,10,198,322,139,69,541,87,793,11,12,0,34,71,76
B1,3,251,8,12,29,149,34,55,11,1,7,5,1,8,0,10,23,227,693,1056,48,78,69,3,698,0,0,8,0,0,57,783,6,1385,2,10,608,16,136,925,224,38,1009,2961,439,101,660,1693,340,41962,8,284,3115,91,36,344,1578,494,178,2555,297,4816,37,157,29,169,486,773
T3,0,17,0,1,65,0,7,1,0,0,1,1,1,0,0,0,1,18,165,1,0,2,3,0,1,0,0,0,5,0,61,1,0,690,0,1,0,0,1,3,1,1,9,0,1,1,2,4,0,8,10,0,6,2,11,164,207,9,70,66,11,79,1,2,0,32,6,12
CD4_4,3,32,2,0,4,0,0,2,0,1,0,0,0,0,0,0,2,21,123,14,4,6,3,0,19,0,0,0,1,0,13,17,0,238,0,1,1,0,5,34,11,4,42,125,25,6,29,57,19,284,0,38,80,9,5,71,90,29,26,121,38,341,1,4,2,9,20,26
CD45_1,6,316,23,8,65,32,73,36,12,15,18,17,4,13,5,21,30,594,999,101,40,126,139,1,436,6,3,25,3,1,62,595,7,2210,0,30,51,23,76,593,88,14,393,1164,230,99,353,440,188,3115,6,80,1888,86,103,634,1559,772,235,2954,351,3673,64,121,32,141,402,590
N1,0,141,4,1,31,9,413,1,0,5,8,0,11,9,2,2,4,144,157,5,52,72,52,6,42,1,3,43,29,8,67,127,0,843,0,11,1,0,3,63,6,3,19,44,6,8,23,45,17,91,2,9,86,572,12,164,590,234,237,803,217,446,21,20,5,857,1420,61
L,0,103,1,8,68,21,21,11,1,0,27,4,0,2,5,14,12,118,260,0,7,120,24,0,26,3,0,11,2,0,80,59,0,668,3,9,2,10,0,49,20,0,104,40,6,18,32,39,10,36,11,5,103,12,16178,44,484,246,42,1295,159,257,77,22,19,11,95,186
T5,69,1946,332,43,2856,50,794,59,3,42,80,26,243,2,299,15,206,6986,15431,19,36,178,87,5,192,6,8,34,37,1,960,234,1,20185,1,19,4,6,25,314,142,7,825,418,34,66,276,268,198,344,164,71,634,164,44,26098,27390,6209,6236,10549,2366,2558,246,254,17,798,732,1224
T12,71,3371,338,136,3191,84,2049,133,13,114,143,34,266,15,645,58,259,13762,20326,82,78,1160,562,19,506,28,17,157,70,7,1723,1329,18,32731,10,375,43,12,43,817,251,13,1355,1033,118,119,565,548,322,1578,207,90,1559,590,484,27390,74266,11472,13451,22726,4567,5673,600,700,90,1596,3014,3433
T8,22,1010,380,22,672,51,408,27,7,35,21,15,139,11,119,18,205,2112,3630,15,46,463,226,2,550,4,3,118,11,0,179,626,5,5626,0,145,21,10,32,465,53,4,262,469,66,51,333,174,139,494,9,29,772,234,246,6209,11472,11070,2082,15134,1592,1942,190,194,46,328,792,689
T11,8,809,63,54,1456,15,661,13,0,20,56,20,206,2,105,2,61,2837,5241,6,26,48,18,8,44,2,6,19,39,7,1213,107,1,15970,0,0,2,1,10,110,51,4,223,175,32,23,103,115,69,178,70,26,235,237,42,6236,13451,2082,6326,4241,334,1522,80,82,10,1129,1029,392
M7,52,2920,541,70,1501,142,751,121,24,93,124,73,244,65,161,57,439,5401,11332,67,221,2037,1010,10,2170,38,13,485,56,1,564,2526,53,22623,22,686,166,31,159,1908,239,11,923,1846,244,239,1124,850,541,2555,66,121,2954,803,1295,10549,22726,15134,4241,52412,4653,9587,587,671,266,1090,3003,3459
E2,85,1213,60,7,115,19,182,18,2,27,17,5,9,13,36,13,41,956,1594,35,30,338,243,2,180,2,1,35,6,0,61,590,17,1641,1,74,1,4,29,281,23,5,185,347,55,29,171,162,87,297,11,38,351,217,159,2366,4567,1592,334,4653,6632,1646,161,172,27,226,1165,841
Mo1,17,2546,54,22,407,80,256,80,25,46,91,17,84,24,6,31,71,1674,5230,282,258,282,318,13,702,13,11,76,82,0,830,2014,23,17330,18,97,54,32,250,1886,327,65,1434,3376,712,230,1015,1780,793,4816,79,341,3673,446,257,2558,5673,1942,1522,9587,1646,24820,188,179,184,1154,1404,1656
DC1,0,82,8,2,19,0,16,5,0,7,4,5,0,0,5,2,11,199,236,1,2,39,33,0,33,0,0,5,0,0,8,62,1,286,0,1,1,0,2,31,5,0,17,35,3,5,28,17,11,37,1,1,64,21,77,246,600,190,80,587,161,188,76,37,1,17,65,82
M10,6,84,10,4,12,5,18,3,1,5,6,2,0,1,7,4,6,205,260,8,4,70,78,0,34,6,0,15,1,0,9,94,3,217,0,11,3,1,3,46,3,0,19,67,11,3,21,34,12,157,2,4,121,20,22,254,700,194,82,671,172,179,37,94,2,22,99,124
Mo5,0,29,2,0,2,0,6,0,0,2,1,0,0,0,0,0,5,7,25,0,2,17,5,1,16,1,0,2,1,0,1,60,0,80,0,5,2,0,4,25,2,1,11,23,2,0,11,11,0,29,0,2,32,5,19,17,90,46,10,266,27,184,1,2,14,8,26,22
N7,0,154,4,4,230,15,906,7,1,2,15,1,45,8,6,1,6,491,949,7,151,26,24,31,28,1,14,64,119,10,299,110,1,5493,1,5,0,1,16,100,19,3,57,110,26,15,46,105,34,169,32,9,141,857,11,798,1596,328,1129,1090,226,1154,17,22,8,4448,3077,137
N6,11,351,13,8,106,25,1820,11,1,30,12,4,14,19,22,7,12,951,541,36,150,207,201,19,117,6,5,165,24,29,154,574,2,2442,0,32,15,2,26,318,26,4,85,296,41,32,139,193,71,486,6,20,402,1420,95,732,3014,792,1029,3003,1165,1404,65,99,26,3077,8352,349
T7,6,293,25,7,107,11,78,38,6,11,10,10,6,5,44,21,39,1241,1845,28,28,210,136,0,183,12,0,17,6,0,84,302,15,2498,2,35,15,3,19,220,42,7,222,367,56,32,143,152,76,773,12,26,590,61,186,1224,3433,689,392,3459,841,1656,82,124,22,137,349,1178