,E3,E1,T2,T9,T4,T10,S,L,T1,DC4,DC3,CD8_3,DC2,M6,M13,M5,Mo8,M12,M2,M11,CD4_3,Mo3,M3,Mo4,M9,M8,NK2,N4,N5,N2,N3,T6,Mo2,Mo7,M1,M4,Mo6,B2,CD4_2,NKT,NK1,CD8_5,CD8_4,CD45_2,B1,CD4_1,Treg2,CD8_2,CD4_4,CD8_1,CD8_6,N1,Treg1,T3,CD45_1,T5,T12,T7,T11,T8,E2,DC1,M10,Mo1,N7,Mo5,M7,N6
E3,2,3,0,0,0,0,0,9,1,0,0,0,0,0,0,0,1,0,3,1,0,0,0,0,0,0,0,0,2,0,0,1,1,0,9,0,0,0,0,0,7,0,0,4,0,1,1,0,0,1,0,1,0,0,8,3,5,6,2,1,21,0,1,23,1,0,5,3
E1,3,1220,1,1,30,10,2,68,2,0,4,7,0,5,0,1,6,2,48,179,0,11,127,75,0,27,1,0,7,7,0,134,179,1,945,1,7,0,0,20,288,35,6,77,18,141,53,37,40,11,25,47,19,5,136,158,535,81,102,110,191,14,27,2613,106,81,614,136
T2,0,1,2,0,0,0,0,2,0,0,0,0,0,0,0,0,0,1,2,3,0,0,4,0,0,1,0,0,0,0,0,1,1,0,4,0,0,0,0,0,7,0,0,2,0,1,1,1,0,0,0,2,1,0,2,3,14,3,1,14,2,0,0,8,1,0,26,7
T9,0,1,0,14,1,1,1,3,0,0,0,15,0,2,0,0,0,0,3,6,0,6,0,0,0,1,0,0,0,1,0,12,1,0,129,0,0,0,0,1,7,0,0,2,0,5,1,1,0,0,0,2,0,0,2,1,16,1,32,6,1,0,0,34,15,0,17,5
T4,0,30,0,1,434,52,3,13,1,0,2,1,0,17,0,0,0,0,18,236,0,4,0,1,2,3,0,1,0,8,0,242,2,0,1405,0,0,0,0,0,28,11,0,16,0,10,3,3,4,1,1,35,2,20,17,1025,1457,10,707,48,4,0,1,213,101,1,43,29
T10,0,10,0,1,52,400,1,0,0,0,1,2,0,5,1,2,0,0,38,36,0,17,10,13,3,8,0,9,27,43,1,110,25,0,630,0,1,0,0,3,43,0,0,5,0,29,8,5,3,4,4,332,4,0,19,139,697,15,340,94,22,2,7,207,785,4,201,1086
S,0,2,0,1,3,1,2,0,0,0,0,1,0,0,0,0,0,0,1,2,0,0,1,0,0,1,0,0,0,2,0,3,1,0,30,0,0,0,0,0,3,0,0,1,0,3,0,0,0,0,1,2,0,0,1,1,6,0,5,0,0,0,1,17,0,0,5,5
L,9,68,2,3,13,0,0,16136,45,0,5,0,22,4,0,0,43,4,80,804,0,1,129,31,0,8,7,0,0,1,0,35,32,1,401,1,0,0,1,13,80,67,4,431,35,10,1,43,17,15,34,0,0,0,47,103,253,101,7,76,71,173,108,642,1,28,469,4
T1,1,2,0,0,1,0,0,45,0,0,1,0,1,0,0,0,0,1,4,9,0,1,0,1,0,0,0,0,1,0,0,6,1,0,19,0,0,0,0,0,3,1,0,5,0,0,0,0,0,0,0,2,1,0,4,6,19,11,1,0,7,2,1,15,1,0,6,2
DC4,0,0,0,0,0,0,0,0,0,0,0,0,0,0,0,0,0,0,0,2,0,1,0,0,0,1,0,0,0,1,0,0,0,0,4,0,0,0,0,0,0,0,0,1,0,2,0,1,0,0,0,0,0,0,0,0,1,0,0,0,2,0,0,5,0,0,3,0
DC3,0,4,0,0,2,1,0,5,1,0,6,0,0,1,0,0,0,0,3,2,0,0,4,1,0,0,0,0,0,1,0,4,2,0,33,0,0,0,0,0,4,0,0,1,0,4,3,0,1,0,1,2,1,0,5,9,35,4,10,5,3,1,1,19,2,2,14,11
CD8_3,0,7,0,15,1,2,1,0,0,0,0,24,0,0,0,0,0,0,1,3,0,4,0,1,0,1,2,0,0,0,0,9,4,0,156,0,0,0,0,1,15,1,0,3,0,2,2,2,0,0,1,5,0,0,4,4,11,4,28,7,5,1,0,75,13,0,22,15
DC2,0,0,0,0,0,0,0,22,1,0,0,0,0,0,0,0,0,0,0,0,0,1,0,0,0,0,0,0,0,0,0,0,0,0,3,0,0,0,0,1,0,0,0,1,0,0,0,0,0,0,0,0,0,0,0,2,1,0,1,0,0,0,0,1,0,0,6,0
M6,0,5,0,2,17,5,0,4,0,0,1,0,0,126,0,0,0,0,9,16,0,0,1,1,0,2,0,1,0,6,0,141,7,0,797,1,0,0,0,0,15,2,0,5,1,9,1,7,1,1,1,6,1,0,7,15,133,5,161,107,3,0,1,164,52,3,180,41
M13,0,0,0,0,0,1,0,0,0,0,0,0,0,0,0,0,0,0,0,2,0,0,0,0,0,0,0,0,0,0,0,1,0,0,7,0,0,0,0,0,0,0,0,1,0,0,0,0,0,0,0,0,0,0,0,1,1,1,0,0,0,0,0,1,0,0,0,0
M5,0,1,0,0,0,2,0,0,0,0,0,0,0,0,0,0,0,0,2,0,0,0,3,0,0,0,0,0,4,0,0,0,5,0,8,0,0,0,0,0,1,0,0,0,0,0,0,1,0,0,0,4,0,0,0,2,4,0,1,4,0,0,1,0,0,0,8,6
Mo8,1,6,0,0,0,0,0,43,0,0,0,0,0,0,0,0,0,0,1,10,0,0,9,2,0,1,0,0,0,0,0,0,2,0,2,0,0,0,1,0,0,0,0,1,0,1,3,0,0,0,0,2,1,0,4,2,17,8,2,5,1,2,5,9,1,0,23,6
M12,0,2,1,0,0,0,0,4,1,0,0,0,0,0,0,0,0,0,1,8,0,0,1,0,0,0,0,0,0,0,0,1,6,0,9,0,0,0,0,0,6,0,0,1,1,3,0,0,2,1,0,3,0,0,2,3,5,1,2,7,0,1,0,27,2,0,25,3
M2,3,48,2,3,18,38,1,80,4,0,3,1,0,9,0,2,1,1,156,76,0,16,90,31,0,16,1,2,15,11,0,59,39,2,732,1,5,0,0,6,123,3,0,20,6,56,20,12,7,5,5,61,4,1,69,48,386,82,200,166,93,11,28,501,133,10,462,267
M11,1,179,3,6,236,36,2,804,9,2,2,3,0,16,2,0,10,8,76,984,0,20,63,22,0,24,1,3,6,8,0,272,87,0,2897,0,4,0,1,15,209,31,5,273,14,109,39,29,41,14,17,44,22,27,124,669,993,143,475,156,146,20,29,2385,130,46,597,111
CD4_3,0,0,0,0,0,0,0,0,0,0,0,0,0,0,0,0,0,0,0,0,2,0,7,0,0,0,0,0,0,0,0,1,0,0,3,0,2,0,0,0,2,0,0,0,1,2,0,0,0,0,0,0,0,0,0,0,1,0,1,0,4,0,0,6,0,0,1,1
Mo3,0,11,0,6,4,17,0,1,1,1,0,4,1,0,0,0,0,0,16,20,0,54,3,4,0,4,0,0,16,6,0,7,21,0,187,0,0,0,1,5,51,0,0,3,3,40,9,4,1,4,3,65,1,0,42,13,63,16,18,31,31,0,1,303,152,2,162,175
M3,0,127,4,0,0,10,1,129,0,0,4,0,0,1,0,3,9,1,90,63,7,3,1174,122,0,40,0,0,29,0,0,1,118,5,117,0,22,0,0,4,118,2,2,30,19,101,25,23,6,10,10,68,1,0,80,34,939,148,25,553,146,49,153,271,22,32,1583,184
Mo4,0,75,0,0,1,13,0,31,1,0,1,1,0,1,0,0,2,0,31,22,0,4,122,52,0,7,0,0,9,0,0,11,57,2,93,0,5,1,0,8,71,2,0,7,1,43,12,6,4,5,5,30,2,1,37,21,207,40,19,111,63,8,45,188,22,14,304,94
M9,0,0,0,0,2,3,0,0,0,0,0,0,0,0,0,0,0,0,0,0,0,0,0,0,2,0,0,0,0,1,0,7,0,0,31,0,0,0,0,0,2,0,0,0,0,0,0,0,0,0,0,1,0,0,0,2,6,0,5,1,1,0,0,5,16,0,2,14
M8,0,27,1,1,3,8,1,8,0,1,0,1,0,2,0,0,1,0,16,24,0,4,40,7,0,38,0,1,5,3,0,6,46,0,128,0,3,1,0,4,68,2,1,10,7,46,12,2,6,4,5,17,1,0,40,10,92,28,21,98,28,4,10,286,30,11,442,68
NK2,0,1,0,0,0,0,0,7,0,0,0,2,0,0,0,0,0,0,1,1,0,0,0,0,0,0,0,0,0,0,0,2,0,0,3,0,0,0,0,0,1,0,0,0,0,0,0,0,0,0,0,0,0,0,0,2,6,1,1,3,0,0,1,7,0,1,4,1
N4,0,0,0,0,1,9,0,0,0,0,0,0,0,1,0,0,0,0,2,3,0,0,0,0,0,1,0,4,5,2,1,2,0,0,19,0,0,0,0,0,2,0,0,0,0,1,1,0,0,0,0,14,0,0,0,0,7,0,11,9,0,0,0,16,38,1,30,43
N5,2,7,0,0,0,27,0,0,1,0,0,0,0,0,0,4,0,0,15,6,0,16,29,9,0,5,0,5,52,1,0,5,15,1,71,0,2,1,0,2,27,0,0,2,2,14,4,2,0,3,0,85,2,0,13,4,50,14,11,81,21,3,4,71,121,2,277,316
N2,0,7,0,1,8,43,2,1,0,1,1,0,0,6,0,0,0,0,11,8,0,6,0,0,1,3,0,2,1,50,0,83,6,0,492,0,0,0,0,0,24,1,0,4,0,9,3,1,0,1,0,73,0,1,12,19,70,1,114,14,11,0,1,170,227,5,47,94
N3,0,0,0,0,0,1,0,0,0,0,0,0,0,0,0,0,0,0,0,0,0,0,0,0,0,0,0,1,0,0,0,0,0,0,1,0,0,0,0,0,0,0,0,0,0,0,0,0,0,0,0,8,0,0,0,0,1,0,1,2,0,0,0,2,5,0,1,29
T6,1,134,1,12,242,110,3,35,6,0,4,9,0,141,1,0,0,1,59,272,1,7,1,11,7,6,2,2,5,83,0,2232,30,0,7078,0,0,0,3,14,129,7,1,38,5,63,21,15,17,3,6,119,12,17,54,442,1552,84,1622,206,53,4,7,1404,612,2,239,301
Mo2,1,179,1,1,2,25,1,32,1,0,2,4,0,7,0,5,2,6,39,87,0,21,118,57,0,46,0,0,15,6,0,30,382,4,409,2,15,2,0,14,256,13,1,46,5,112,46,26,21,7,13,72,17,4,96,54,388,79,76,164,214,13,31,1718,94,91,783,257
Mo7,0,1,0,0,0,0,0,1,0,0,0,0,0,0,0,0,0,0,2,0,0,0,5,2,0,0,0,0,1,0,0,0,4,2,3,0,1,0,0,0,0,2,0,0,0,2,2,0,0,0,0,1,0,0,1,3,18,3,0,5,3,0,1,17,1,0,21,2
M1,9,945,4,129,1405,630,30,401,19,4,33,156,3,797,7,8,2,9,732,2897,3,187,117,93,31,128,3,19,71,492,1,7078,409,3,65118,15,5,1,2,112,1744,103,14,560,70,758,290,175,169,72,138,806,171,124,910,2667,7572,655,7871,1604,684,57,128,16350,3686,132,4389,1885
M4,0,1,0,0,0,0,0,1,0,0,0,0,0,1,0,0,0,0,1,0,0,0,0,0,0,0,0,0,0,0,0,0,2,0,15,0,0,0,0,0,1,0,0,0,0,0,0,0,0,0,1,0,0,0,0,0,0,0,0,2,0,0,0,6,1,0,11,3
Mo6,0,7,0,0,0,1,0,0,0,0,0,0,0,0,0,0,0,0,5,4,2,0,22,5,0,3,0,0,2,0,0,0,15,1,5,0,10,0,0,0,8,1,0,1,0,2,1,1,0,0,0,3,0,1,4,4,71,2,4,26,1,0,2,31,2,8,108,10
B2,0,0,0,0,0,0,0,0,0,0,0,0,0,0,0,0,0,0,0,0,0,0,0,1,0,1,0,0,1,0,0,0,2,0,1,0,0,0,0,0,0,0,0,0,0,0,0,1,0,0,0,4,0,0,0,0,0,1,0,0,0,0,0,0,0,0,4,3
CD4_2,0,0,0,0,0,0,0,1,0,0,0,0,0,0,0,0,1,0,0,1,0,1,0,0,0,0,0,0,0,0,0,3,0,0,2,0,0,0,0,0,1,0,0,0,0,0,0,0,2,0,0,0,0,0,1,2,0,0,0,4,0,0,0,5,0,0,13,2
NKT,0,20,0,1,0,3,0,13,0,0,0,1,1,0,0,0,0,0,6,15,0,5,4,8,0,4,0,0,2,0,0,14,14,0,112,0,0,0,0,16,63,4,1,19,0,20,16,5,8,1,5,7,2,0,25,13,33,11,19,18,17,3,2,282,16,6,81,23
NK1,7,288,7,7,28,43,3,80,3,0,4,15,0,15,0,1,0,6,123,209,2,51,118,71,2,68,1,2,27,24,0,129,256,0,1744,1,8,0,1,63,916,38,10,123,17,258,114,59,60,20,47,142,34,3,270,157,528,145,282,349,267,23,56,3177,228,41,1105,398
CD8_5,0,35,0,0,11,0,0,67,1,0,0,1,0,2,0,0,0,0,3,31,0,0,2,2,0,2,0,0,0,1,0,7,13,2,103,0,1,0,0,4,38,10,0,31,2,22,8,7,10,3,8,2,6,1,18,27,53,14,12,13,5,3,2,320,5,5,36,14
CD8_4,0,6,0,0,0,0,0,4,0,0,0,0,0,0,0,0,0,0,0,5,0,0,2,0,0,1,0,0,0,0,0,1,1,0,14,0,0,0,0,1,10,0,0,2,0,3,2,0,0,0,1,0,1,0,3,2,4,2,4,4,1,0,0,29,0,0,4,0
CD45_2,4,77,2,2,16,5,1,431,5,1,1,3,1,5,1,0,1,1,20,273,0,3,30,7,0,10,0,0,2,4,0,38,46,0,560,0,1,0,0,19,123,31,2,170,5,79,30,20,20,5,21,7,23,5,62,139,239,36,63,70,57,8,6,1285,34,21,215,52
B1,0,18,0,0,0,0,0,35,0,0,0,0,0,1,0,0,0,1,6,14,1,3,19,1,0,7,0,0,2,0,0,5,5,0,70,0,0,0,0,0,17,2,0,5,10,12,6,4,1,1,1,8,2,0,11,12,35,11,16,9,23,8,4,149,10,4,56,21
CD4_1,1,141,1,5,10,29,3,10,0,2,4,2,0,9,0,0,1,3,56,109,2,40,101,43,0,46,0,1,14,9,0,63,112,2,758,0,2,0,0,20,258,22,3,79,12,220,76,53,26,29,26,78,28,2,150,86,301,76,130,176,149,12,37,1538,120,14,644,255
Treg2,1,53,1,1,3,8,0,1,0,0,3,2,0,1,0,0,3,0,20,39,0,9,25,12,0,12,0,1,4,3,0,21,46,2,290,0,1,0,0,16,114,8,2,30,6,76,50,14,9,6,12,28,15,3,48,31,100,18,37,58,48,5,12,519,41,3,250,68
CD8_2,0,37,1,1,3,5,0,43,0,1,0,2,0,7,0,1,0,0,12,29,0,4,23,6,0,2,0,0,2,1,0,15,26,0,175,0,1,1,0,5,59,7,0,20,4,53,14,24,3,5,7,16,2,1,36,15,98,14,36,32,35,3,3,304,25,10,103,29
CD4_4,0,40,0,0,4,3,0,17,0,0,1,0,0,1,0,0,0,2,7,41,0,1,6,4,0,6,0,0,0,0,0,17,21,0,169,0,0,0,2,8,60,10,0,20,1,26,9,3,16,1,7,3,7,0,16,35,59,18,21,20,16,2,0,350,14,3,89,15
CD8_1,1,11,0,0,1,4,0,15,0,0,0,0,0,1,0,0,0,1,5,14,0,4,10,5,0,4,0,0,3,1,0,3,7,0,72,0,0,0,0,1,20,3,0,5,1,29,6,5,1,2,0,7,3,0,15,18,28,13,10,14,26,1,2,108,10,1,36,29
CD8_6,0,25,0,0,1,4,1,34,0,0,1,1,0,1,0,0,0,0,5,17,0,3,10,5,0,5,0,0,0,0,0,6,13,0,138,1,0,0,0,5,47,8,1,21,1,26,12,7,7,0,6,14,1,0,22,16,57,9,24,22,15,4,3,238,16,3,95,23
N1,1,47,2,2,35,332,2,0,2,0,2,5,0,6,0,4,2,3,61,44,0,65,68,30,1,17,0,14,85,73,8,119,72,1,806,0,3,4,0,7,142,2,0,7,8,78,28,16,3,7,14,996,8,0,99,64,470,41,249,262,152,4,15,716,902,15,655,1639
Treg1,0,19,1,0,2,4,0,0,1,0,1,0,0,1,0,0,1,0,4,22,0,1,1,2,0,1,0,0,2,0,0,12,17,0,171,0,0,0,0,2,34,6,1,23,2,28,15,2,7,3,1,8,12,0,8,14,27,9,13,13,6,5,0,295,15,5,58,11
T3,0,5,0,0,20,0,0,0,0,0,0,0,0,0,0,0,0,0,1,27,0,0,0,1,0,0,0,0,0,1,0,17,4,0,124,0,1,0,0,0,3,1,0,5,0,2,3,1,0,0,0,0,0,0,1,37,42,3,20,3,0,0,0,74,5,3,10,2
CD45_1,8,136,2,2,17,19,1,47,4,0,5,4,0,7,0,0,4,2,69,124,0,42,80,37,0,40,0,0,13,12,0,54,96,1,910,0,4,0,1,25,270,18,3,62,11,150,48,36,16,15,22,99,8,1,200,84,331,101,113,170,175,16,23,1509,128,14,647,218
T5,3,158,3,1,1025,139,1,103,6,0,9,4,2,15,1,2,2,3,48,669,0,13,34,21,2,10,2,0,4,19,0,442,54,3,2667,0,4,0,2,13,157,27,2,139,12,86,31,15,35,18,16,64,14,37,84,4236,5171,117,1312,171,157,9,24,1336,183,43,381,167
T12,5,535,14,16,1457,697,6,253,19,1,35,11,1,133,1,4,17,5,386,993,1,63,939,207,6,92,6,7,50,70,1,1552,388,18,7572,0,71,0,0,33,528,53,4,239,35,301,100,98,59,28,57,470,27,42,331,5171,19952,543,4565,1864,470,56,165,4078,934,574,4170,1437
T7,6,81,3,1,10,15,0,101,11,0,4,4,0,5,1,0,8,1,82,143,0,16,148,40,0,28,1,0,14,1,0,84,79,3,655,0,2,1,0,11,145,14,2,36,11,76,18,14,18,13,9,41,9,3,101,117,543,204,74,155,253,15,47,651,55,13,625,136
T11,2,102,1,32,707,340,5,7,1,0,10,28,1,161,0,1,2,2,200,475,1,18,25,19,5,21,1,11,11,114,1,1622,76,0,7871,0,4,0,0,19,282,12,4,63,16,130,37,36,21,10,24,249,13,20,113,1312,4565,74,3584,473,58,9,22,1942,1001,132,605,829
T8,1,110,14,6,48,94,0,76,0,0,5,7,0,107,0,4,5,7,166,156,0,31,553,111,1,98,3,9,81,14,2,206,164,5,1604,2,26,0,4,18,349,13,4,70,9,176,58,32,20,14,22,262,13,3,170,171,1864,155,473,1488,106,35,99,1394,321,266,3312,751
E2,21,191,2,1,4,22,0,71,7,2,3,5,0,3,0,0,1,0,93,146,4,31,146,63,1,28,0,0,21,11,0,53,214,3,684,0,1,0,0,17,267,5,1,57,23,149,48,35,16,26,15,152,6,0,175,157,470,253,58,106,1634,13,71,1067,137,12,633,393
DC1,0,14,0,0,0,2,0,173,2,0,1,1,0,0,0,0,2,1,11,20,0,0,49,8,0,4,0,0,3,0,0,4,13,0,57,0,0,0,0,3,23,3,0,8,8,12,5,3,2,1,4,4,5,0,16,9,56,15,9,35,13,24,22,58,7,2,81,21
M10,1,27,0,0,1,7,1,108,1,0,1,0,0,1,0,1,5,0,28,29,0,1,153,45,0,10,1,0,4,1,0,7,31,1,128,0,2,0,0,2,56,2,0,6,4,37,12,3,0,2,3,15,0,0,23,24,165,47,22,99,71,22,36,114,10,5,254,65
Mo1,23,2613,8,34,213,207,17,642,15,5,19,75,1,164,1,0,9,27,501,2385,6,303,271,188,5,286,7,16,71,170,2,1404,1718,17,16350,6,31,0,5,282,3177,320,29,1285,149,1538,519,304,350,108,238,716,295,74,1509,1336,4078,651,1942,1394,1067,58,114,40310,1619,1300,7383,1673
N7,1,106,1,15,101,785,0,1,1,0,2,13,0,52,0,0,1,2,133,130,0,152,22,22,16,30,0,38,121,227,5,612,94,1,3686,1,2,0,0,16,228,5,0,34,10,120,41,25,14,10,16,902,15,5,128,183,934,55,1001,321,137,7,10,1619,3474,14,838,3318
Mo5,0,81,0,0,1,4,0,28,0,0,2,0,0,3,0,0,0,0,10,46,0,2,32,14,0,11,1,1,2,5,0,2,91,0,132,0,8,0,0,6,41,5,0,21,4,14,3,10,3,1,3,15,5,3,14,43,574,13,132,266,12,2,5,1300,14,5122,1144,37
M7,5,614,26,17,43,201,5,469,6,3,14,22,6,180,0,8,23,25,462,597,1,162,1583,304,2,442,4,30,277,47,1,239,783,21,4389,11,108,4,13,81,1105,36,4,215,56,644,250,103,89,36,95,655,58,10,647,381,4170,625,605,3312,633,81,254,7383,838,1144,14522,1714
N6,3,136,7,5,29,1086,5,4,2,0,11,15,0,41,0,6,6,3,267,111,1,175,184,94,14,68,1,43,316,94,29,301,257,2,1885,3,10,3,2,23,398,14,0,52,21,255,68,29,15,29,23,1639,11,2,218,167,1437,136,829,751,393,21,65,1673,3318,37,1714,8680