,E3,E1,T2,T9,T4,T10,S,T1,DC4,DC3,CD8_3,DC2,M6,M13,M5,Mo8,M12,M2,M11,CD4_3,Mo3,M3,Mo4,M9,M8,NK2,N4,N5,N2,N3,T6,Mo2,Mo7,M1,M7,M4,Mo5,Mo6,B2,CD4_2,NKT,NK1,CD8_5,CD8_4,CD45_2,N1,CD8_1,CD4_1,Treg2,CD8_2,CD8_6,B1,Treg1,CD4_4,CD45_1,T3,T7,T5,T11,T8,DC1,E2,Mo1,N7,N6,M10,L,T12
E3,6,25,0,0,0,1,0,0,0,0,0,0,0,0,0,1,0,5,19,0,1,5,2,0,0,0,0,0,0,0,2,8,0,29,43,0,0,0,0,0,0,8,1,0,5,4,2,8,1,0,0,1,1,1,5,0,6,26,2,5,2,111,39,5,22,2,0,34
E1,25,3926,2,2,114,41,5,8,1,13,19,0,6,1,0,3,4,176,476,3,20,242,182,1,60,2,0,17,7,0,304,289,5,3172,1643,0,36,102,0,6,11,175,44,4,97,69,11,139,69,40,20,10,28,28,127,20,174,372,265,305,35,872,1941,175,456,111,9,2010
T2,0,2,0,0,4,3,0,0,0,0,0,0,0,0,0,0,3,14,24,0,0,6,2,0,0,0,0,1,0,0,1,2,0,28,48,0,1,1,0,0,1,0,1,0,4,1,0,1,2,1,0,0,1,0,1,0,3,35,6,19,2,7,8,1,7,2,3,28
T9,0,2,0,8,11,4,4,0,0,0,16,0,0,0,0,0,0,4,8,0,1,1,0,1,0,1,0,1,0,0,4,2,0,127,40,0,0,0,0,0,0,3,0,0,0,3,0,1,1,0,0,1,1,0,0,1,2,2,25,8,0,2,19,8,12,1,7,25
T4,0,114,4,11,726,94,3,5,0,0,3,0,39,0,3,0,2,201,989,0,5,1,1,9,0,0,3,2,16,0,179,10,0,5402,480,0,1,0,0,0,1,12,15,0,39,27,1,19,5,12,10,0,13,6,16,32,33,1504,1147,131,1,19,356,311,130,0,6,1519
T10,1,41,3,4,94,612,0,2,0,2,4,0,14,0,2,0,1,56,128,0,38,29,27,7,10,0,4,24,35,0,34,36,1,1356,359,4,0,1,0,0,2,49,4,0,10,267,1,35,22,9,7,3,8,4,31,5,26,305,461,101,5,53,241,1086,979,22,11,619
S,0,5,0,4,3,0,2,0,0,0,0,0,0,1,0,0,0,1,0,0,0,0,0,0,0,1,0,1,0,0,0,0,0,20,5,0,0,0,0,0,0,1,0,0,0,1,1,1,2,0,0,0,1,0,0,0,1,2,3,1,0,4,7,1,4,0,9,3
T1,0,8,0,0,5,2,0,0,0,0,0,0,0,0,0,0,1,8,26,0,1,3,0,0,2,1,0,0,0,0,3,2,0,50,31,0,0,0,0,0,0,8,0,0,2,0,0,4,2,3,1,0,1,2,3,2,11,8,1,5,0,17,27,3,8,1,10,30
DC4,0,1,0,0,0,0,0,0,0,0,0,0,0,0,0,0,0,0,0,0,2,0,0,0,0,0,0,0,0,0,0,2,0,2,3,0,0,0,0,0,0,1,0,0,0,1,0,0,0,0,0,0,0,0,1,0,0,0,0,3,0,4,2,1,0,0,0,1
DC3,0,13,0,0,0,2,0,0,0,4,0,0,0,0,0,0,0,3,9,0,0,6,3,0,1,0,0,1,1,0,1,8,1,51,29,0,0,2,0,0,0,8,0,0,3,3,0,2,5,3,0,2,3,0,5,0,1,4,2,9,4,15,12,8,29,8,0,25
CD8_3,0,19,0,16,3,4,0,0,0,0,38,0,1,0,1,0,0,5,10,0,1,5,3,2,3,0,0,0,0,0,2,9,0,163,52,0,0,2,0,0,0,2,2,0,3,1,0,2,2,0,2,0,0,0,5,0,6,16,30,10,1,6,32,17,23,0,0,25
DC2,0,0,0,0,0,0,0,0,0,0,0,0,0,0,0,0,0,0,3,0,0,1,0,0,0,0,0,0,0,0,1,0,0,19,4,0,0,0,0,0,0,2,0,0,0,0,0,0,0,0,0,0,1,0,2,0,0,1,0,1,0,2,2,0,1,0,6,5
M6,0,6,0,0,39,14,0,0,0,0,1,0,26,0,0,0,0,2,26,0,0,0,0,0,0,0,1,0,8,0,26,1,0,676,115,0,0,0,0,0,0,3,0,0,1,6,0,0,0,1,0,0,1,0,3,3,1,48,184,57,1,2,55,44,17,0,2,128
M13,0,1,0,0,0,0,1,0,0,0,0,0,0,0,0,0,0,0,0,0,0,0,0,0,0,0,0,0,0,0,0,0,0,1,2,0,0,0,0,0,0,0,0,0,0,0,0,0,0,0,0,0,0,0,0,0,0,0,0,1,0,0,0,0,2,0,0,6
M5,0,0,0,0,3,2,0,0,0,0,1,0,0,0,8,0,0,28,23,0,0,0,0,0,0,0,0,1,0,0,0,2,0,5,49,0,0,1,0,0,0,1,0,0,2,0,0,0,1,0,0,0,0,0,1,0,0,18,8,12,0,1,2,0,10,0,0,44
Mo8,1,3,0,0,0,0,0,0,0,0,0,0,0,0,0,0,0,3,3,0,0,14,3,0,1,0,0,0,0,0,0,3,0,3,10,0,0,0,0,0,0,1,0,0,3,0,0,0,2,1,0,0,0,0,0,0,3,2,0,8,1,9,4,0,1,4,18,26
M12,0,4,3,0,2,1,0,1,0,0,0,0,0,0,0,0,0,9,14,0,0,6,0,0,1,0,0,1,0,0,1,2,0,16,60,0,2,0,0,0,0,2,3,0,5,0,0,5,1,1,0,0,0,0,0,0,5,9,3,13,0,3,5,0,6,1,5,34
M2,5,176,14,4,201,56,1,8,0,3,5,0,2,0,28,3,9,1120,1307,3,11,92,27,4,31,0,1,20,7,0,49,83,2,2799,1378,0,8,7,0,0,11,123,36,1,60,55,4,78,47,61,31,16,54,13,79,9,158,1097,430,279,31,226,718,183,283,64,39,1718
M11,19,476,24,8,989,128,0,26,0,9,10,3,26,0,23,3,14,1307,4014,1,13,71,41,11,37,0,1,16,17,1,353,81,0,11027,1659,1,9,8,1,0,12,151,88,2,231,62,6,137,72,86,56,11,97,25,131,68,326,3747,1629,414,52,350,1597,468,257,42,91,4350
CD4_3,0,3,0,0,0,0,0,0,0,0,0,0,0,0,0,0,0,3,1,0,0,1,0,0,0,0,0,0,0,0,0,3,0,0,5,0,0,0,0,0,0,2,1,0,0,2,0,3,0,1,0,0,1,1,2,0,0,1,1,0,0,7,4,0,6,3,0,1
Mo3,1,20,0,1,5,38,0,1,2,0,1,0,0,0,0,0,0,11,13,0,58,3,5,1,8,0,3,13,4,0,5,16,0,158,145,0,0,1,0,0,3,29,1,0,3,33,2,28,7,1,7,3,4,2,17,0,11,10,19,20,0,69,196,164,162,2,2,62
M3,5,242,6,1,1,29,0,3,0,6,5,1,0,0,0,14,6,92,71,1,3,774,119,0,45,3,1,30,2,0,7,106,7,124,1612,0,10,30,0,0,7,65,19,2,47,95,8,84,36,28,8,9,22,5,51,0,132,91,21,532,38,468,199,24,419,168,112,945
Mo4,2,182,2,0,1,27,0,0,0,3,3,0,0,0,0,3,0,27,41,0,5,119,152,0,21,1,0,13,0,0,1,97,5,63,403,0,11,7,0,1,2,54,12,0,27,58,3,46,24,20,4,6,9,6,34,3,34,47,19,150,17,101,152,19,245,81,1,320
M9,0,1,0,1,9,7,0,0,0,0,2,0,0,0,0,0,0,4,11,0,1,0,0,0,0,0,0,0,1,0,2,0,0,93,2,0,0,0,0,0,0,0,0,0,2,3,0,1,0,2,0,0,1,0,1,0,0,17,13,0,0,2,6,32,10,0,0,26
M8,0,60,0,0,0,10,0,2,0,1,3,0,0,0,0,1,1,31,37,0,8,45,21,0,94,1,0,10,0,0,1,35,1,145,718,0,9,8,1,1,10,57,10,0,15,18,4,68,30,11,16,6,13,5,73,0,46,22,21,135,13,104,226,27,82,17,10,179
NK2,0,2,0,1,0,0,1,1,0,0,0,0,0,0,0,0,0,0,0,0,0,3,1,0,1,0,0,0,0,0,0,2,0,6,12,0,0,0,0,0,0,0,0,0,0,0,0,0,0,0,0,0,3,0,0,0,0,0,1,1,0,4,5,0,0,0,0,5
N4,0,0,0,0,3,4,0,0,0,0,0,0,1,0,0,0,0,1,1,0,3,1,0,0,0,0,2,0,0,0,3,0,0,34,16,0,0,0,0,0,0,1,0,0,0,3,0,0,0,0,0,0,0,0,0,0,0,4,5,3,0,0,7,26,3,0,0,8
N5,0,17,1,1,2,24,1,0,0,1,0,0,0,0,1,0,1,20,16,0,13,30,13,0,10,0,0,74,1,0,2,17,0,56,476,0,3,1,0,0,2,21,0,0,3,49,0,21,10,2,2,3,5,3,23,1,29,9,6,103,3,61,90,71,287,15,18,81
N2,0,7,0,0,16,35,0,0,0,1,0,0,8,0,0,0,0,7,17,0,4,2,0,1,0,0,0,1,24,0,10,2,0,385,43,0,0,0,0,0,0,3,3,0,4,37,0,2,1,0,2,0,0,0,5,1,1,21,68,10,0,4,54,102,36,0,0,88
N3,0,0,0,0,0,0,0,0,0,0,0,0,0,0,0,0,0,0,1,0,0,0,0,0,0,0,0,0,0,0,0,0,0,1,0,0,0,0,0,0,0,0,0,0,0,0,0,0,0,0,0,0,0,0,0,0,0,0,1,0,0,0,0,0,0,0,0,0
T6,2,304,1,4,179,34,0,3,0,1,2,1,26,0,0,0,1,49,353,0,5,7,1,2,1,0,3,2,10,0,424,9,1,3887,255,0,2,0,0,0,2,27,14,1,29,18,0,21,3,10,7,1,12,4,25,17,36,340,676,74,3,47,651,258,97,4,1,818
Mo2,8,289,2,2,10,36,0,2,2,8,9,0,1,0,2,3,2,83,81,3,16,106,97,0,35,2,0,17,2,0,9,220,0,368,695,0,8,40,0,3,3,86,14,2,35,53,3,93,43,25,12,6,25,12,65,3,43,69,49,198,20,241,505,69,344,54,12,510
Mo7,0,5,0,0,0,1,0,0,0,1,0,0,0,0,0,0,0,2,0,0,0,7,5,0,1,0,0,0,0,0,1,0,2,6,14,0,1,0,0,0,0,2,1,0,0,1,0,6,0,0,1,0,0,0,0,0,3,0,1,3,0,7,13,1,7,1,0,5
M1,29,3172,28,127,5402,1356,20,50,2,51,163,19,676,1,5,3,16,2799,11027,0,158,124,63,93,145,6,34,56,385,1,3887,368,6,111912,11112,18,44,9,0,0,36,700,274,11,735,673,24,543,259,244,248,51,368,96,702,361,1045,11488,14789,2722,122,1350,14430,6178,2505,88,56,22094
M7,43,1643,48,40,480,359,5,31,3,29,52,4,115,2,49,10,60,1378,1659,5,145,1612,403,2,718,12,16,476,43,0,255,695,14,11112,21662,3,136,291,5,14,59,784,114,6,322,540,43,714,406,198,170,73,200,86,631,25,1090,1703,1662,5030,146,2136,4500,916,2468,416,449,8138
M4,0,0,0,0,0,4,0,0,0,0,0,0,0,0,0,0,0,0,1,0,0,0,0,0,0,0,0,0,0,0,0,0,0,18,3,0,0,0,0,0,0,0,0,0,0,0,0,0,0,0,0,0,0,0,1,0,0,0,3,0,0,1,8,2,1,0,0,6
Mo5,0,36,1,0,1,0,0,0,0,0,0,0,0,0,0,0,2,8,9,0,0,10,11,0,9,0,0,3,0,0,2,8,1,44,136,0,6,5,0,0,0,10,1,0,1,6,0,3,5,4,0,0,3,2,5,0,8,6,16,25,0,28,99,7,8,3,0,49
Mo6,0,102,1,0,0,1,0,0,0,2,2,0,0,0,1,0,0,7,8,0,1,30,7,0,8,0,0,1,0,0,0,40,0,9,291,0,5,72,0,1,0,9,1,0,3,4,1,7,3,0,0,1,3,0,5,0,17,7,5,74,2,36,40,5,20,5,0,197
B2,0,0,0,0,0,0,0,0,0,0,0,0,0,0,0,0,0,0,1,0,0,0,0,0,1,0,0,0,0,0,0,0,0,0,5,0,0,0,0,0,0,1,0,0,1,0,0,1,1,0,0,0,0,1,0,0,3,1,0,1,0,1,3,0,1,0,2,3
CD4_2,0,6,0,0,0,0,0,0,0,0,0,0,0,0,0,0,0,0,0,0,0,0,1,0,1,0,0,0,0,0,0,3,0,0,14,0,0,1,0,0,0,3,0,0,0,1,0,4,0,0,2,0,1,0,0,0,1,2,0,6,0,2,5,0,0,1,0,8
NKT,0,11,1,0,1,2,0,0,0,0,0,0,0,0,0,0,0,11,12,0,3,7,2,0,10,0,0,2,0,0,2,3,0,36,59,0,0,0,0,0,4,18,0,0,4,5,1,16,5,6,7,4,3,1,17,0,10,6,6,22,4,26,65,6,22,5,3,23
NK1,8,175,0,3,12,49,1,8,1,8,2,2,3,0,1,1,2,123,151,2,29,65,54,0,57,0,1,21,3,0,27,86,2,700,784,0,10,9,1,3,18,280,18,2,50,69,11,131,74,49,22,22,37,24,148,2,67,117,80,212,19,241,805,104,407,58,5,434
CD8_5,1,44,1,0,15,4,0,0,0,0,2,0,0,0,0,0,3,36,88,1,1,19,12,0,10,0,0,0,3,0,14,14,1,274,114,0,1,1,0,0,0,18,4,3,10,8,1,10,7,8,5,1,4,3,12,3,13,75,35,27,3,30,99,7,20,17,2,150
CD8_4,0,4,0,0,0,0,0,0,0,0,0,0,0,0,0,0,0,1,2,0,0,2,0,0,0,0,0,0,0,0,1,2,0,11,6,0,0,0,0,0,0,2,3,0,1,0,0,0,1,0,0,0,0,1,1,0,1,2,1,0,0,2,8,0,5,0,0,1
CD45_2,5,97,4,0,39,10,0,2,0,3,3,0,1,0,2,3,5,60,231,0,3,47,27,2,15,0,0,3,4,0,29,35,0,735,322,0,1,3,1,0,4,50,10,1,66,17,2,49,21,15,13,3,15,11,26,5,52,189,93,66,14,111,314,40,79,21,24,339
N1,4,69,1,3,27,267,1,0,1,3,1,0,6,0,0,0,0,55,62,2,33,95,58,3,18,0,3,49,37,0,18,53,1,673,540,0,6,4,0,1,5,69,8,0,17,492,5,50,33,13,6,6,6,2,44,2,27,82,165,152,9,188,304,524,1079,34,3,354
CD8_1,2,11,0,0,1,1,1,0,0,0,0,0,0,0,0,0,0,4,6,0,2,8,3,0,4,0,0,0,0,0,0,3,0,24,43,0,0,1,0,0,1,11,1,0,2,5,0,10,5,0,0,1,1,3,7,0,3,2,2,5,1,19,39,7,21,2,0,19
CD4_1,8,139,1,1,19,35,1,4,0,2,2,0,0,0,0,0,5,78,137,3,28,84,46,1,68,0,0,21,2,0,21,93,6,543,714,0,3,7,1,4,16,131,10,0,49,50,10,190,69,37,27,11,41,23,102,1,65,108,55,182,18,267,628,69,284,49,2,419
Treg2,1,69,2,1,5,22,2,2,0,5,2,0,0,0,1,2,1,47,72,0,7,36,24,0,30,0,0,10,1,0,3,43,0,259,406,0,5,3,1,0,5,74,7,1,21,33,5,69,60,18,9,13,25,7,55,1,40,64,30,99,20,88,258,31,182,27,8,215
CD8_2,0,40,1,0,12,9,0,3,0,3,0,0,1,0,0,1,1,61,86,1,1,28,20,2,11,0,0,2,0,0,10,25,0,244,198,0,4,0,0,0,6,49,8,0,15,13,0,37,18,28,7,8,16,8,32,2,21,77,28,57,5,79,142,26,67,11,0,163
CD8_6,0,20,0,0,10,7,0,1,0,0,2,0,0,0,0,0,0,31,56,0,7,8,4,0,16,0,0,2,2,0,7,12,1,248,170,0,0,0,0,2,7,22,5,0,13,6,0,27,9,7,2,0,8,4,34,0,18,36,31,33,3,33,146,28,42,3,0,84
B1,1,10,0,1,0,3,0,0,0,2,0,0,0,0,0,0,0,16,11,0,3,9,6,0,6,0,0,3,0,0,1,6,0,51,73,0,0,1,0,0,4,22,1,0,3,6,1,11,13,8,0,32,5,0,9,0,22,5,5,21,2,20,50,6,26,6,3,53
Treg1,1,28,1,1,13,8,1,1,0,3,0,1,1,0,0,0,0,54,97,1,4,22,9,1,13,3,0,5,0,0,12,25,0,368,200,0,3,3,0,1,3,37,4,0,15,6,1,41,25,16,8,5,34,11,20,0,27,60,36,36,4,59,190,26,64,10,2,139
CD4_4,1,28,0,0,6,4,0,2,0,0,0,0,0,0,0,0,0,13,25,1,2,5,6,0,5,0,0,3,0,0,4,12,0,96,86,0,2,0,1,0,1,24,3,1,11,2,3,23,7,8,4,0,11,12,21,0,18,24,12,13,3,55,101,13,41,10,3,73
CD45_1,5,127,1,0,16,31,0,3,1,5,5,2,3,0,1,0,0,79,131,2,17,51,34,1,73,0,0,23,5,0,25,65,0,702,631,1,5,5,0,0,17,148,12,1,26,44,7,102,55,32,34,9,20,21,132,2,65,78,74,159,10,219,597,97,255,38,5,309
T3,0,20,0,1,32,5,0,2,0,0,0,0,3,0,0,0,0,9,68,0,0,0,3,0,0,0,0,1,1,0,17,3,0,361,25,0,0,0,0,0,0,2,3,0,5,2,0,1,1,2,0,0,0,0,2,2,8,82,45,3,0,15,49,22,8,0,0,76
T7,6,174,3,2,33,26,1,11,0,1,6,0,1,0,0,3,5,158,326,0,11,132,34,0,46,0,0,29,1,0,36,43,3,1045,1090,0,8,17,3,1,10,67,13,1,52,27,3,65,40,21,18,22,27,18,65,8,274,205,95,201,14,393,575,59,156,70,153,798
T5,26,372,35,2,1504,305,2,8,0,4,16,1,48,0,18,2,9,1097,3747,1,10,91,47,17,22,0,4,9,21,0,340,69,0,11488,1703,0,6,7,1,2,6,117,75,2,189,82,2,108,64,77,36,5,60,24,78,82,205,5488,2135,426,36,303,1144,690,333,55,37,4161
T11,2,265,6,25,1147,461,3,1,0,2,30,0,184,0,8,0,3,430,1629,1,19,21,19,13,21,1,5,6,68,1,676,49,1,14789,1662,3,16,5,0,0,6,80,35,1,93,165,2,55,30,28,31,5,36,12,74,45,95,2135,4724,610,7,82,1311,1389,578,14,20,4837
T8,5,305,19,8,131,101,1,5,3,9,10,1,57,1,12,8,13,279,414,0,20,532,150,0,135,1,3,103,10,0,74,198,3,2722,5030,0,25,74,1,6,22,212,27,0,66,152,5,182,99,57,33,21,36,13,159,3,201,426,610,1758,43,481,838,250,636,154,100,2187
DC1,2,35,2,0,1,5,0,0,0,4,1,0,1,0,0,1,0,31,52,0,0,38,17,0,13,0,0,3,0,0,3,20,0,122,146,0,0,2,0,0,4,19,3,0,14,9,1,18,20,5,3,2,4,3,10,0,14,36,7,43,18,47,57,12,65,23,11,117
E2,111,872,7,2,19,53,4,17,4,15,6,2,2,0,1,9,3,226,350,7,69,468,101,2,104,4,0,61,4,0,47,241,7,1350,2136,1,28,36,1,2,26,241,30,2,111,188,19,267,88,79,33,20,59,55,219,15,393,303,82,481,47,4788,1470,254,869,161,28,1351
Mo1,39,1941,8,19,356,241,7,27,2,12,32,2,55,0,2,4,5,718,1597,4,196,199,152,6,226,5,7,90,54,0,651,505,13,14430,4500,8,99,40,3,5,65,805,99,8,314,304,39,628,258,142,146,50,190,101,597,49,575,1144,1311,838,57,1470,10968,1142,1358,147,36,3542
N7,5,175,1,8,311,1086,1,3,1,8,17,0,44,0,0,0,0,183,468,0,164,24,19,32,27,0,26,71,102,0,258,69,1,6178,916,2,7,5,0,0,6,104,7,0,40,524,7,69,31,26,28,6,26,13,97,22,59,690,1389,250,12,254,1142,3826,1937,19,3,1594
N6,22,456,7,12,130,979,4,8,0,29,23,1,17,2,10,1,6,283,257,6,162,419,245,10,82,0,3,287,36,0,97,344,7,2505,2468,1,8,20,1,0,22,407,20,5,79,1079,21,284,182,67,42,26,64,41,255,8,156,333,578,636,65,869,1358,1937,6088,265,48,1702
M10,2,111,2,1,0,22,0,1,0,8,0,0,0,0,0,4,1,64,42,3,2,168,81,0,17,0,0,15,0,0,4,54,1,88,416,0,3,5,0,1,5,58,17,0,21,34,2,49,27,11,3,6,10,10,38,0,70,55,14,154,23,161,147,19,265,136,36,272
L,0,9,3,7,6,11,9,10,0,0,0,6,2,0,0,18,5,39,91,0,2,112,1,0,10,0,0,18,0,0,1,12,0,56,449,0,0,0,2,0,3,5,2,0,24,3,0,2,8,0,0,3,2,3,5,0,153,37,20,100,11,28,36,3,48,36,8370,258
T12,34,2010,28,25,1519,619,3,30,1,25,25,5,128,6,44,26,34,1718,4350,1,62,945,320,26,179,5,8,81,88,0,818,510,5,22094,8138,6,49,197,3,8,23,434,150,1,339,354,19,419,215,163,84,53,139,73,309,76,798,4161,4837,2187,117,1351,3542,1594,1702,272,258,13082