,E3,E1,T2,T9,T4,S,T10,T1,DC4,DC3,CD8_3,DC2,M6,M13,M5,Mo8,M12,M2,M11,CD4_3,Mo3,M3,Mo4,M9,M8,NK2,N4,N5,N2,N3,T6,Mo2,Mo7,M1,M7,M4,Mo5,Mo6,B2,CD4_2,NKT,NK1,CD8_5,CD8_4,CD45_2,CD8_6,CD8_2,Treg2,CD4_1,CD8_1,N1,B1,Treg1,CD4_4,CD45_1,T3,T8,T5,T11,L,T12,T7,E2,DC1,M10,Mo1,N7,N6
E3,0,4,0,0,0,0,0,0,0,0,0,0,0,0,0,0,0,0,1,0,0,0,1,0,0,0,0,0,0,0,1,1,0,9,2,0,0,0,0,0,0,0,0,0,1,0,0,1,1,0,0,1,0,1,0,0,0,2,1,0,1,1,5,0,0,35,1,0
E1,4,2430,1,4,3,1,31,7,1,2,15,2,27,0,0,0,4,157,318,2,78,21,21,2,68,3,3,16,24,0,181,359,12,2090,1294,6,44,9,3,2,92,449,88,8,127,86,209,136,427,41,218,90,59,88,261,7,117,53,97,61,652,434,285,16,15,6412,532,649
T2,0,1,0,0,0,0,0,0,0,0,1,0,0,0,0,0,0,0,3,0,0,0,0,0,1,0,0,0,0,0,0,0,0,5,10,0,1,0,0,0,0,1,2,0,0,0,2,0,1,2,0,2,0,0,1,0,0,0,0,0,3,3,2,0,0,12,1,2
T9,0,4,0,0,0,0,0,0,0,0,11,0,2,0,0,0,0,1,4,0,3,0,0,0,0,1,0,0,2,0,4,1,0,63,27,1,1,0,0,0,1,12,2,0,0,0,0,1,2,0,0,0,0,0,2,0,3,0,0,28,8,0,1,1,0,82,12,9
T4,0,3,0,0,2,0,0,0,0,0,0,0,0,0,0,0,0,1,9,0,1,1,0,0,1,0,0,0,0,0,4,1,0,41,22,0,1,0,0,0,4,5,2,0,3,1,3,0,8,0,0,2,0,2,0,0,1,2,2,63,4,2,0,0,0,59,4,3
S,0,1,0,0,0,0,1,0,0,0,0,0,0,0,0,0,0,0,0,0,1,0,0,0,1,0,0,0,0,0,0,2,0,10,14,0,0,0,0,0,0,3,2,0,0,1,1,0,6,1,1,5,1,1,3,0,2,0,0,0,0,0,2,0,0,28,10,6
T10,0,31,0,0,0,1,22,0,0,0,2,0,3,0,0,0,0,12,13,0,80,0,0,0,4,0,1,3,7,1,9,29,0,333,141,1,7,0,0,0,14,38,2,0,4,18,16,10,25,5,69,6,5,2,16,0,24,3,18,2,45,16,9,2,0,442,263,273
T1,0,7,0,0,0,0,0,0,0,0,1,0,1,0,0,0,0,0,14,0,0,1,1,0,1,1,0,0,0,0,3,2,0,41,31,1,1,0,0,0,2,5,5,0,2,1,3,1,5,1,3,2,1,2,2,0,0,3,0,69,9,18,3,0,1,48,6,8
DC4,0,1,0,0,0,0,0,0,0,0,0,0,0,0,0,0,0,2,1,0,0,0,0,0,1,0,0,0,0,0,0,0,0,11,7,0,0,0,0,0,0,2,1,0,0,0,0,1,0,1,0,0,0,0,0,0,1,0,0,0,5,2,0,0,0,17,1,5
DC3,0,2,0,0,0,0,0,0,0,4,0,0,1,0,0,0,0,1,1,0,0,2,0,0,0,0,0,0,0,0,0,0,0,24,22,0,0,0,0,0,1,5,0,0,0,2,3,0,1,0,1,0,0,2,1,0,0,0,0,0,9,1,0,0,1,34,0,2
CD8_3,0,15,1,11,0,0,2,1,0,0,158,0,1,0,0,0,1,4,22,0,7,0,0,2,2,11,0,1,5,0,31,18,1,337,100,0,3,1,0,0,1,35,4,1,4,7,14,3,32,3,11,1,1,8,18,1,7,4,15,76,40,23,1,0,0,458,37,33
DC2,0,2,0,0,0,0,0,0,0,0,0,0,0,0,0,0,0,1,0,0,0,1,0,0,1,0,0,0,0,0,2,0,0,24,5,0,0,0,0,0,0,1,0,0,1,1,1,0,0,1,2,0,0,1,0,0,2,0,0,2,1,0,0,0,0,16,4,7
M6,0,27,0,2,0,0,3,1,0,1,1,0,40,0,0,0,0,7,34,0,7,3,0,0,8,0,0,1,0,0,82,23,0,835,329,2,5,0,0,0,9,31,9,1,17,2,14,8,30,5,12,8,2,3,16,0,37,3,26,2,71,35,4,0,2,500,71,45
M13,0,0,0,0,0,0,0,0,0,0,0,0,0,0,0,0,0,1,0,0,0,0,0,0,0,0,0,0,0,0,0,0,0,3,3,0,0,0,0,0,0,0,0,0,0,0,0,0,0,0,0,0,0,0,1,0,0,0,0,0,0,0,0,0,0,5,1,0
M5,0,0,0,0,0,0,0,0,0,0,0,0,0,0,0,0,0,0,3,0,0,0,0,0,1,0,0,0,0,0,0,0,0,2,5,0,0,0,0,0,0,1,1,0,1,1,0,0,2,1,0,1,0,0,0,0,3,1,0,4,0,0,0,0,0,4,0,1
Mo8,0,0,0,0,0,0,0,0,0,0,0,0,0,0,0,0,0,1,0,0,0,0,0,0,0,0,0,0,0,0,1,0,0,8,9,0,0,0,0,0,0,0,0,0,0,0,0,1,0,0,0,1,0,0,1,0,0,0,2,3,8,1,0,0,1,11,0,0
M12,0,4,0,0,0,0,0,0,0,0,1,0,0,0,0,0,2,4,9,0,2,0,1,0,5,0,0,0,0,0,2,4,0,46,115,0,0,0,0,0,0,3,4,0,0,3,2,2,8,0,3,2,2,1,6,0,7,2,0,3,13,20,3,0,0,63,2,4
M2,0,157,0,1,1,0,12,0,2,1,4,1,7,1,0,1,4,148,135,0,22,10,5,0,27,0,0,5,9,0,83,77,4,1294,885,3,17,1,0,0,25,135,33,3,50,27,77,35,105,5,57,31,9,32,89,2,94,19,37,204,273,249,34,2,6,1515,160,189
M11,1,318,3,4,9,0,13,14,1,1,22,0,34,0,3,0,9,135,716,0,26,9,19,2,51,2,0,4,15,0,275,168,6,3185,1594,3,34,0,3,1,71,258,173,16,234,59,136,113,299,39,52,80,67,142,193,13,143,108,90,864,475,465,86,12,10,4820,162,154
CD4_3,0,2,0,0,0,0,0,0,0,0,0,0,0,0,0,0,0,0,0,0,0,0,1,0,0,0,0,0,0,0,0,1,0,0,3,0,0,0,0,0,1,4,0,0,1,0,1,0,2,0,0,1,0,0,0,0,0,0,0,0,0,0,0,0,1,5,0,3
Mo3,0,78,0,3,1,1,80,0,0,0,7,0,7,0,0,0,2,22,26,0,546,0,2,4,25,1,5,23,53,0,40,55,1,1069,453,4,6,0,0,0,29,118,11,2,20,37,48,49,98,6,278,18,13,6,87,1,74,5,40,0,112,62,40,4,2,1801,1516,927
M3,0,21,0,0,1,0,0,1,0,2,0,1,3,0,0,0,0,10,9,0,0,8,4,0,7,1,0,2,0,0,10,6,0,60,170,0,2,0,2,0,3,23,5,1,5,1,10,2,15,1,3,0,2,2,9,0,9,2,6,49,56,22,7,0,3,78,4,22
Mo4,1,21,0,0,0,0,0,1,0,0,0,0,0,0,0,0,1,5,19,1,2,4,18,0,3,4,0,0,0,0,8,38,0,100,163,0,9,0,0,0,8,28,8,0,10,2,9,7,27,1,7,4,4,8,19,1,9,6,9,14,52,18,4,3,2,241,8,28
M9,0,2,0,0,0,0,0,0,0,0,2,0,0,0,0,0,0,0,2,0,4,0,0,0,0,0,1,1,2,0,3,0,0,42,7,0,0,0,0,0,0,5,0,0,1,0,3,1,4,1,5,0,0,1,2,0,2,0,2,0,6,0,1,0,0,45,28,11
M8,0,68,1,0,1,1,4,1,1,0,2,1,8,0,1,0,5,27,51,0,25,7,3,0,82,0,0,12,7,0,20,56,1,393,884,0,11,0,4,1,18,109,13,1,24,36,25,42,81,6,43,46,17,13,86,1,118,16,24,21,101,84,16,1,1,709,105,178
NK2,0,3,0,1,0,0,0,1,0,0,11,0,0,0,0,0,0,0,2,0,1,1,4,0,0,4,0,0,0,0,1,4,0,21,16,0,0,0,0,0,1,9,3,0,3,0,5,0,3,0,1,0,1,1,6,1,1,4,1,16,13,7,0,1,0,70,5,6
N4,0,3,0,0,0,0,1,0,0,0,0,0,0,0,0,0,0,0,0,0,5,0,0,1,0,0,0,0,0,0,2,2,0,44,30,1,0,0,0,0,0,2,0,0,1,1,1,0,4,0,4,0,0,1,1,0,4,0,2,0,1,2,0,0,0,37,17,8
N5,0,16,0,0,0,0,3,0,0,0,1,0,1,0,0,0,0,5,4,0,23,2,0,1,12,0,0,28,1,0,5,27,0,146,264,0,6,3,0,0,5,31,2,0,2,3,7,3,19,1,24,2,3,0,20,0,31,0,6,0,22,18,4,0,1,207,109,137
N2,0,24,0,2,0,0,7,0,0,0,5,0,0,0,0,0,0,9,15,0,53,0,0,2,7,0,0,1,32,0,38,13,0,488,133,2,1,0,0,1,7,20,0,0,7,8,17,6,24,0,95,3,3,3,26,0,21,2,12,0,35,13,7,0,1,500,183,79
N3,0,0,0,0,0,0,1,0,0,0,0,0,0,0,0,0,0,0,0,0,0,0,0,0,0,0,0,0,0,0,0,0,0,0,0,0,0,0,0,0,1,1,0,0,0,0,0,0,0,0,0,0,0,0,0,0,0,0,0,0,0,0,0,0,0,4,1,0
T6,1,181,0,4,4,0,9,3,0,0,31,2,82,0,0,1,2,83,275,0,40,10,8,3,20,1,2,5,38,0,1286,119,1,6803,741,8,5,2,0,0,28,165,63,8,79,32,84,39,226,20,100,51,41,51,95,14,97,40,226,299,471,299,59,11,10,3497,420,246
Mo2,1,359,0,1,1,2,29,2,0,0,18,0,23,0,0,0,4,77,168,1,55,6,38,0,56,4,2,27,13,0,119,632,3,1560,1262,6,58,5,2,1,44,365,62,10,78,63,127,78,309,33,212,73,32,60,197,6,149,46,99,6,454,177,136,8,13,4249,404,747
Mo7,0,12,0,0,0,0,0,0,0,0,1,0,0,0,0,0,0,4,6,0,1,0,0,0,1,0,0,0,0,0,1,3,0,25,67,0,4,0,0,0,2,2,0,0,3,2,1,0,2,1,3,0,0,0,2,0,3,0,2,2,14,8,1,0,2,76,2,4
M1,9,2090,5,63,41,10,333,41,11,24,337,24,835,3,2,8,46,1294,3185,0,1069,60,100,42,393,21,44,146,488,0,6803,1560,25,80154,16166,159,217,11,11,1,530,2792,844,87,1163,725,1151,790,2874,271,1671,465,581,730,1777,91,1855,463,1854,834,5116,3573,583,88,90,49205,6771,4733
M7,2,1294,10,27,22,14,141,31,7,22,100,5,329,3,5,9,115,885,1594,3,453,170,163,7,884,16,30,264,133,0,741,1262,67,16166,26896,83,542,39,15,7,324,1920,438,25,591,454,734,634,1704,163,914,627,224,327,1251,16,2241,263,593,744,4113,2705,326,40,91,19947,2466,3002
M4,0,6,0,1,0,0,1,1,0,0,0,0,2,0,0,0,0,3,3,0,4,0,0,0,0,0,1,0,2,0,8,6,0,159,83,10,0,0,0,0,2,7,1,0,1,2,0,1,4,1,11,0,3,1,3,0,13,1,6,0,13,4,1,0,0,110,56,47
Mo5,0,44,1,1,1,0,7,1,0,0,3,0,5,0,0,0,0,17,34,0,6,2,9,0,11,0,0,6,1,0,5,58,4,217,542,0,154,2,0,0,6,44,7,1,21,11,15,19,41,4,23,7,4,11,20,1,36,8,24,3,160,46,6,1,3,1013,38,57
Mo6,0,9,0,0,0,0,0,0,0,0,1,0,0,0,0,0,0,1,0,0,0,0,0,0,0,0,0,3,0,0,2,5,0,11,39,0,2,0,0,0,1,5,0,0,2,0,3,1,2,0,1,0,0,0,5,0,3,1,0,1,11,3,0,0,1,25,7,11
B2,0,3,0,0,0,0,0,0,0,0,0,0,0,0,0,0,0,0,3,0,0,2,0,0,4,0,0,0,0,0,0,2,0,11,15,0,0,0,0,0,1,1,0,0,1,0,1,0,3,0,0,4,1,0,4,0,2,0,0,0,1,1,1,0,0,16,0,3
CD4_2,0,2,0,0,0,0,0,0,0,0,0,0,0,0,0,0,0,0,1,0,0,0,0,0,1,0,0,0,1,0,0,1,0,1,7,0,0,0,0,0,1,1,0,0,1,1,1,0,0,0,0,1,0,0,1,0,2,0,1,0,1,0,0,0,0,5,2,2
NKT,0,92,0,1,4,0,14,2,0,1,1,0,9,0,0,0,0,25,71,1,29,3,8,0,18,1,0,5,7,1,28,44,2,530,324,2,6,1,1,1,38,118,22,2,37,33,27,32,89,12,40,18,22,19,48,0,42,11,26,5,92,58,12,1,2,890,136,136
NK1,0,449,1,12,5,3,38,5,2,5,35,1,31,0,1,0,3,135,258,4,118,23,28,5,109,9,2,31,20,1,165,365,2,2792,1920,7,44,5,1,1,118,738,134,7,148,117,182,135,429,44,219,94,59,87,331,2,254,83,136,44,565,297,101,7,22,5004,626,768
CD8_5,0,88,2,2,2,2,2,5,1,0,4,0,9,0,1,0,4,33,173,0,11,5,8,0,13,3,0,2,0,0,63,62,0,844,438,1,7,0,0,0,22,134,72,11,73,28,74,32,120,24,17,16,36,45,70,3,45,35,33,77,200,124,20,3,3,1660,55,67
CD8_4,0,8,0,0,0,0,0,0,0,0,1,0,1,0,0,0,0,3,16,0,2,1,0,0,1,0,0,0,0,0,8,10,0,87,25,0,1,0,0,0,2,7,11,8,10,2,15,5,25,5,2,1,9,12,7,0,4,5,7,0,11,4,1,0,0,212,4,2
CD45_2,1,127,0,0,3,0,4,2,0,0,4,1,17,0,1,0,0,50,234,1,20,5,10,1,24,3,1,2,7,0,79,78,3,1163,591,1,21,2,1,1,37,148,73,10,166,38,84,36,143,31,21,43,49,57,103,6,54,38,28,157,196,161,29,3,2,2359,91,81
CD8_6,0,86,0,0,1,1,18,1,0,2,7,1,2,0,1,0,3,27,59,0,37,1,2,0,36,0,1,3,8,0,32,63,2,725,454,2,11,0,0,1,33,117,28,2,38,50,30,30,101,10,43,33,18,12,66,2,64,13,28,51,131,86,25,1,0,1210,189,199
CD8_2,0,209,2,0,3,1,16,3,0,3,14,1,14,0,0,0,2,77,136,1,48,10,9,3,25,5,1,7,17,0,84,127,1,1151,734,0,15,3,1,1,27,182,74,15,84,30,140,44,164,21,83,44,25,56,118,4,112,43,69,66,280,137,48,7,9,2175,220,253
Treg2,1,136,0,1,0,0,10,1,1,0,3,0,8,0,0,1,2,35,113,0,49,2,7,1,42,0,0,3,6,0,39,78,0,790,634,1,19,1,0,0,32,135,32,5,36,30,44,90,153,14,57,55,28,32,93,2,73,15,31,2,166,106,37,3,0,1469,175,165
CD4_1,1,427,1,2,8,6,25,5,0,1,32,0,30,0,2,0,8,105,299,2,98,15,27,4,81,3,4,19,24,0,226,309,2,2874,1704,4,41,2,3,0,89,429,120,25,143,101,164,153,598,70,180,114,92,122,280,2,192,66,143,42,554,335,130,11,8,5081,550,622
CD8_1,0,41,2,0,0,1,5,1,1,0,3,1,5,0,1,0,0,5,39,0,6,1,1,1,6,0,0,1,0,0,20,33,1,271,163,1,4,0,0,0,12,44,24,5,31,10,21,14,70,20,19,18,9,22,32,0,13,11,15,1,80,35,8,0,0,559,44,55
N1,0,218,0,0,0,1,69,3,0,1,11,2,12,0,0,0,3,57,52,0,278,3,7,5,43,1,4,24,95,0,100,212,3,1671,914,11,23,1,0,0,40,219,17,2,21,43,83,57,180,19,640,27,13,9,128,2,163,19,81,4,234,135,96,1,3,2869,1182,969
B1,1,90,2,0,2,5,6,2,0,0,1,0,8,0,1,1,2,31,80,1,18,0,4,0,46,0,0,2,3,0,51,73,0,465,627,0,7,0,4,1,18,94,16,1,43,33,44,55,114,18,27,390,14,16,132,0,80,18,24,13,132,133,32,5,7,1013,58,107
Treg1,0,59,0,0,0,1,5,1,0,0,1,0,2,0,0,0,2,9,67,0,13,2,4,0,17,1,0,3,3,0,41,32,0,581,224,3,4,0,1,0,22,59,36,9,49,18,25,28,92,9,13,14,42,23,34,1,26,12,11,5,66,53,12,2,2,1010,45,50
CD4_4,1,88,0,0,2,1,2,2,0,2,8,1,3,0,0,0,1,32,142,0,6,2,8,1,13,1,1,0,3,0,51,60,0,730,327,1,11,0,0,0,19,87,45,12,57,12,56,32,122,22,9,16,23,78,65,8,35,31,31,18,140,82,21,5,2,1552,43,58
CD45_1,0,261,1,2,0,3,16,2,0,1,18,0,16,1,0,1,6,89,193,0,87,9,19,2,86,6,1,20,26,0,95,197,2,1777,1251,3,20,5,4,1,48,331,70,7,103,66,118,93,280,32,128,132,34,65,260,3,185,37,81,56,333,251,67,14,9,3316,354,415
T3,0,7,0,0,0,0,0,0,0,0,1,0,0,0,0,0,0,2,13,0,1,0,1,0,1,1,0,0,0,0,14,6,0,91,16,0,1,0,0,0,0,2,3,0,6,2,4,2,2,0,2,0,1,8,3,0,2,7,4,30,9,9,3,0,0,125,3,5
T8,0,117,0,3,1,2,24,0,1,0,7,2,37,0,3,0,7,94,143,0,74,9,9,2,118,1,4,31,21,0,97,149,3,1855,2241,13,36,3,2,2,42,254,45,4,54,64,112,73,192,13,163,80,26,35,185,2,176,13,78,69,312,244,33,8,7,2201,369,437
T5,2,53,0,0,2,0,3,3,0,0,4,0,3,0,1,0,2,19,108,0,5,2,6,0,16,4,0,0,2,0,40,46,0,463,263,1,8,1,0,0,11,83,35,5,38,13,43,15,66,11,19,18,12,31,37,7,13,60,11,64,84,71,19,1,1,975,36,50
T11,1,97,0,0,2,0,18,0,0,0,15,0,26,0,0,2,0,37,90,0,40,6,9,2,24,1,2,6,12,0,226,99,2,1854,593,6,24,0,0,1,26,136,33,7,28,28,69,31,143,15,81,24,11,31,81,4,78,11,114,32,205,104,21,4,3,2050,286,248
L,0,61,0,28,63,0,2,69,0,0,76,2,2,0,4,3,3,204,864,0,0,49,14,0,21,16,0,0,0,0,299,6,2,834,744,0,3,1,0,0,5,44,77,0,157,51,66,2,42,1,4,13,5,18,56,30,69,64,32,25084,318,391,12,6,5,569,6,13
T12,1,652,3,8,4,0,45,9,5,9,40,1,71,0,0,8,13,273,475,0,112,56,52,6,101,13,1,22,35,0,471,454,14,5116,4113,13,160,11,1,1,92,565,200,11,196,131,280,166,554,80,234,132,66,140,333,9,312,84,205,318,2168,1096,156,19,37,7693,713,762
T7,1,434,3,0,2,0,16,18,2,1,23,0,35,0,0,1,20,249,465,0,62,22,18,0,84,7,2,18,13,0,299,177,8,3573,2705,4,46,3,1,0,58,297,124,4,161,86,137,106,335,35,135,133,53,82,251,9,244,71,104,391,1096,1594,160,11,20,4545,345,381
E2,5,285,2,1,0,2,9,3,0,0,1,0,4,0,0,0,3,34,86,0,40,7,4,1,16,0,0,4,7,0,59,136,1,583,326,1,6,0,1,0,12,101,20,1,29,25,48,37,130,8,96,32,12,21,67,3,33,19,21,12,156,160,426,4,2,1433,257,315
DC1,0,16,0,1,0,0,2,0,0,0,0,0,0,0,0,0,0,2,12,0,4,0,3,0,1,1,0,0,0,0,11,8,0,88,40,0,1,0,0,0,1,7,3,0,3,1,7,3,11,0,1,5,2,5,14,0,8,1,4,6,19,11,4,2,0,139,17,23
M10,0,15,0,0,0,0,0,1,0,1,0,0,2,0,0,1,0,6,10,1,2,3,2,0,1,0,0,1,1,0,10,13,2,90,91,0,3,1,0,0,2,22,3,0,2,0,9,0,8,0,3,7,2,2,9,0,7,1,3,5,37,20,2,0,4,148,13,16
Mo1,35,6412,12,82,59,28,442,48,17,34,458,16,500,5,4,11,63,1515,4820,5,1801,78,241,45,709,70,37,207,500,4,3497,4249,76,49205,19947,110,1013,25,16,5,890,5004,1660,212,2359,1210,2175,1469,5081,559,2869,1013,1010,1552,3316,125,2201,975,2050,569,7693,4545,1433,139,148,111786,9195,8332
N7,1,532,1,12,4,10,263,6,1,0,37,4,71,1,0,0,2,160,162,0,1516,4,8,28,105,5,17,109,183,1,420,404,2,6771,2466,56,38,7,0,2,136,626,55,4,91,189,220,175,550,44,1182,58,45,43,354,3,369,36,286,6,713,345,257,17,13,9195,6508,3837
N6,0,649,2,9,3,6,273,8,5,2,33,7,45,0,1,0,4,189,154,3,927,22,28,11,178,6,8,137,79,0,246,747,4,4733,3002,47,57,11,3,2,136,768,67,2,81,199,253,165,622,55,969,107,50,58,415,5,437,50,248,13,762,381,315,23,16,8332,3837,4414