,E3,E1,T2,T9,T4,T10,S,L,T1,DC4,DC3,CD8_3,DC2,M6,M13,Mo8,M12,M2,M11,CD4_3,Mo3,M3,Mo4,M9,M8,N4,N5,N2,T6,Mo2,Mo7,M1,M7,M4,Mo5,Mo6,B2,CD4_2,NKT,NK1,CD8_5,CD8_4,CD45_2,CD8_2,CD4_1,CD8_1,Treg1,Treg2,N1,B1,CD8_6,CD4_4,T3,CD45_1,T12,T5,T8,T11,E2,DC1,M10,Mo1,N7,N6,T7
E3,2,4,0,0,0,0,0,0,0,0,0,0,0,0,0,0,0,0,0,0,0,0,0,0,0,0,0,0,0,2,0,0,2,0,0,0,0,0,0,0,0,0,0,1,0,0,0,0,1,0,0,0,0,0,3,0,0,0,2,0,0,10,0,0,1
E1,4,3006,1,2,9,25,26,7,4,1,4,8,0,10,14,5,0,74,118,1,43,57,73,1,37,0,10,17,93,390,8,1622,811,13,81,2,0,0,46,531,22,2,28,58,119,11,14,52,117,28,21,7,5,153,701,69,189,234,477,29,45,3891,192,342,218
T2,0,1,0,0,0,0,0,0,1,0,0,0,0,0,0,0,0,0,0,0,0,0,0,0,0,0,0,0,0,3,0,7,14,0,0,1,0,0,0,4,0,0,0,1,1,0,0,0,0,0,0,0,0,1,4,2,6,0,0,0,0,4,0,0,2
T9,0,2,0,2,0,4,1,0,0,0,0,2,0,0,0,0,0,0,0,0,1,0,0,0,0,0,1,0,0,2,0,17,10,0,0,0,0,0,0,5,0,0,0,0,0,0,0,1,2,0,0,0,0,2,12,1,4,2,0,1,0,19,3,6,0
T4,0,9,0,0,40,7,0,0,1,0,0,1,0,0,0,0,0,2,30,0,5,0,0,0,1,0,1,0,35,3,0,173,25,0,3,0,0,0,1,21,1,0,5,2,3,0,0,1,4,1,0,0,0,4,200,79,9,69,1,0,1,110,23,5,7
T10,0,25,0,4,7,166,9,11,0,1,0,0,0,2,3,0,0,12,14,1,42,5,12,1,16,0,14,37,64,38,0,511,197,1,8,0,0,0,7,79,1,1,0,10,11,3,2,4,156,3,3,0,1,16,206,26,46,176,14,0,4,279,558,409,22
S,0,26,0,1,0,9,40,65,1,0,0,0,0,0,11,0,0,5,1,0,5,0,5,0,4,0,1,1,13,18,1,78,72,1,7,0,0,0,2,49,2,0,3,4,6,0,1,2,7,3,2,0,0,16,51,6,14,12,8,0,1,108,37,25,7
L,0,7,0,0,0,11,65,6720,12,0,0,0,4,0,2,11,0,52,73,0,1,42,7,0,8,0,2,0,35,6,0,182,194,0,1,0,0,0,0,6,1,0,17,8,6,0,0,0,11,13,3,0,0,14,71,3,27,5,19,14,18,54,12,14,70
T1,0,4,1,0,1,0,1,12,0,0,0,0,0,0,0,0,0,0,4,0,0,0,0,0,0,0,0,0,0,3,0,6,10,0,0,0,0,0,0,3,0,0,1,0,0,0,0,0,2,0,0,0,0,0,7,2,1,1,1,0,0,13,0,3,5
DC4,0,1,0,0,0,1,0,0,0,0,0,0,0,0,0,0,0,0,0,0,0,0,0,0,0,0,0,0,0,3,0,2,3,0,0,0,0,0,0,2,0,0,0,0,1,0,0,0,1,0,0,0,0,0,0,0,2,0,0,0,0,5,0,0,1
DC3,0,4,0,0,0,0,0,0,0,0,0,0,0,0,0,0,0,1,2,0,2,6,2,0,0,0,1,0,0,10,0,31,29,0,2,0,0,0,0,4,0,0,1,2,3,0,0,0,3,0,0,0,0,5,21,2,2,9,11,1,4,26,0,12,0
CD8_3,0,8,0,2,1,0,0,0,0,0,0,12,0,1,0,0,0,0,1,0,0,0,0,0,1,0,1,0,4,1,0,110,35,0,1,0,0,0,1,4,0,0,0,1,1,0,0,0,1,0,0,0,0,1,7,0,10,16,3,0,2,38,5,3,1
DC2,0,0,0,0,0,0,0,4,0,0,0,0,0,0,0,0,0,0,0,0,0,0,0,0,0,0,0,0,2,0,0,9,8,0,0,0,0,0,0,1,0,0,0,0,1,0,0,0,1,0,0,0,0,1,2,1,4,4,0,1,0,9,0,3,0
M6,0,10,0,0,0,2,0,0,0,0,0,1,0,88,0,0,0,3,5,0,1,0,0,0,3,0,2,12,55,21,0,689,240,119,7,0,0,0,1,15,1,0,1,1,3,1,0,1,10,0,2,0,0,7,41,5,61,65,6,1,1,141,33,38,3
M13,0,14,0,0,0,3,11,2,0,0,0,0,0,0,10,1,0,2,2,0,3,1,3,0,5,0,2,1,3,9,0,39,44,0,2,0,0,0,4,17,0,0,2,1,7,1,1,1,4,1,0,0,0,9,16,0,5,5,5,0,0,53,10,16,13
Mo8,0,5,0,0,0,0,0,11,0,0,0,0,0,0,1,0,0,0,2,0,1,0,2,0,0,0,0,0,0,5,0,3,18,0,2,0,0,0,0,0,0,0,1,0,0,0,0,0,0,0,0,0,0,1,17,0,7,0,5,1,3,11,2,2,5
M12,0,0,0,0,0,0,0,0,0,0,0,0,0,0,0,0,0,0,1,0,0,0,0,0,0,0,0,0,0,0,0,3,4,0,0,0,0,0,0,1,0,0,0,0,0,0,0,0,0,0,1,0,0,0,2,0,0,1,1,0,0,9,0,0,0
M2,0,74,0,0,2,12,5,52,0,0,1,0,0,3,2,0,0,78,32,0,9,21,19,1,10,1,5,4,55,52,2,561,393,2,12,0,1,0,7,68,2,0,4,15,22,1,2,6,35,1,5,0,1,39,160,10,98,67,39,1,14,439,53,74,85
M11,0,118,0,0,30,14,1,73,4,0,2,1,0,5,2,2,1,32,136,0,16,9,6,1,6,0,3,2,45,48,1,664,193,2,8,0,0,0,8,123,13,1,33,11,37,4,7,15,13,4,3,2,2,42,253,67,46,146,49,4,7,865,33,37,137
CD4_3,0,1,0,0,0,1,0,0,0,0,0,0,0,0,0,0,0,0,0,2,2,0,0,0,0,0,0,0,0,2,0,7,1,0,0,0,0,0,0,4,0,0,0,3,5,0,0,2,0,1,0,0,0,2,6,0,0,0,7,0,0,18,2,4,0
Mo3,0,43,0,1,5,42,5,1,0,0,2,0,0,1,3,1,0,9,16,2,68,0,3,1,12,2,20,4,3,42,0,191,210,0,2,0,0,0,12,114,1,0,4,7,19,0,7,16,55,3,6,0,0,21,69,4,51,32,47,2,2,403,200,211,22
M3,0,57,0,0,0,5,0,42,0,0,6,0,0,0,1,0,0,21,9,0,0,80,34,0,11,0,3,1,1,61,4,75,387,1,11,0,1,0,2,22,0,0,2,7,11,2,1,3,9,1,2,1,0,14,234,4,121,7,52,12,18,148,18,50,32
Mo4,0,73,0,0,0,12,5,7,0,0,2,0,0,0,3,2,0,19,6,0,3,34,54,0,4,0,9,2,7,128,4,118,328,0,12,3,0,0,4,62,2,0,2,10,29,2,1,11,15,10,5,4,0,26,204,8,97,19,37,7,21,355,19,72,31
M9,0,1,0,0,0,1,0,0,0,0,0,0,0,0,0,0,0,1,1,0,1,0,0,0,0,0,0,0,1,0,0,10,0,0,0,0,0,0,0,0,0,0,0,0,0,0,0,0,0,0,0,0,0,1,3,0,0,3,0,0,0,4,6,5,0
M8,0,37,0,0,1,16,4,8,0,0,0,1,0,3,5,0,0,10,6,0,12,11,4,0,56,0,7,0,6,52,0,106,448,0,10,0,0,0,15,93,1,0,2,6,21,0,0,10,23,5,3,0,0,42,73,1,135,11,20,2,3,268,39,72,28
N4,0,0,0,0,0,0,0,0,0,0,0,0,0,0,0,0,0,1,0,0,2,0,0,0,0,0,0,0,0,1,0,16,29,0,0,0,0,0,0,2,0,0,0,1,0,0,0,0,2,0,0,0,0,1,4,0,4,2,0,0,0,9,9,6,0
N5,0,10,0,1,1,14,1,2,0,0,1,1,0,2,2,0,0,5,3,0,20,3,9,0,7,0,44,2,1,23,0,56,261,8,7,1,0,0,3,41,1,0,0,2,8,1,0,6,30,0,5,0,0,13,46,0,68,10,7,2,2,136,78,96,9
N2,0,17,0,0,0,37,1,0,0,0,0,0,0,12,1,0,0,4,2,0,4,1,2,0,0,0,2,24,36,10,1,420,75,10,4,0,0,0,0,14,1,0,1,1,0,0,1,1,63,0,0,1,1,4,43,2,14,185,8,0,1,90,169,144,9
T6,0,93,0,0,35,64,13,35,0,0,0,4,2,55,3,0,0,55,45,0,3,1,7,1,6,0,1,36,672,49,0,3560,230,1,2,1,0,1,9,97,5,1,6,15,20,2,3,10,46,8,3,1,2,26,564,39,56,538,16,1,6,770,359,139,120
Mo2,2,390,3,2,3,38,18,6,3,3,10,1,0,21,9,5,0,52,48,2,42,61,128,0,52,1,23,10,49,918,5,759,1356,0,116,8,1,1,22,499,13,0,24,59,126,15,5,47,136,19,15,9,1,157,848,47,401,125,195,31,54,2369,194,414,143
Mo7,0,8,0,0,0,0,1,0,0,0,0,0,0,0,0,0,0,2,1,0,0,4,4,0,0,0,0,1,0,5,0,8,36,0,5,0,0,0,0,1,0,0,0,0,1,0,0,0,1,0,0,0,0,2,17,1,15,0,5,0,1,19,1,1,3
M1,0,1622,7,17,173,511,78,182,6,2,31,110,9,689,39,3,3,561,664,7,191,75,118,10,106,16,56,420,3560,759,8,64682,6725,741,149,2,3,1,93,1470,82,5,117,197,359,30,82,176,714,69,75,14,30,503,3848,400,1758,11933,392,53,76,11994,3192,2948,849
M7,2,811,14,10,25,197,72,194,10,3,29,35,8,240,44,18,4,393,193,1,210,387,328,0,448,29,261,75,230,1356,36,6725,16818,187,923,36,10,0,104,1112,33,0,99,150,333,25,21,121,562,58,67,15,3,513,4513,176,4545,723,448,87,159,7637,884,1415,817
M4,0,13,0,0,0,1,1,0,0,0,0,0,0,119,0,0,0,2,2,0,0,1,0,0,0,0,8,10,1,0,0,741,187,516,2,0,0,0,2,2,0,0,0,0,0,0,0,0,6,0,0,0,0,0,5,0,27,133,18,0,0,46,26,75,2
Mo5,0,81,0,0,3,8,7,1,0,0,2,1,0,7,2,2,0,12,8,0,2,11,12,0,10,0,7,4,2,116,5,149,923,2,602,8,1,0,1,40,3,0,5,2,19,1,3,9,15,1,5,2,1,37,542,16,297,61,28,1,7,1051,32,46,29
Mo6,0,2,1,0,0,0,0,0,0,0,0,0,0,0,0,0,0,0,0,0,0,0,3,0,0,0,1,0,1,8,0,2,36,0,8,0,0,0,1,7,0,0,0,1,0,0,0,0,3,1,0,0,0,1,14,0,8,0,1,0,1,36,2,2,1
B2,0,0,0,0,0,0,0,0,0,0,0,0,0,0,0,0,0,1,0,0,0,1,0,0,0,0,0,0,0,1,0,3,10,0,1,0,0,0,0,0,0,0,0,1,0,0,0,0,0,1,0,0,0,1,1,0,4,0,0,0,0,4,1,0,0
CD4_2,0,0,0,0,0,0,0,0,0,0,0,0,0,0,0,0,0,0,0,0,0,0,0,0,0,0,0,0,1,1,0,1,0,0,0,0,0,0,0,0,0,0,0,0,0,0,0,0,0,0,0,0,0,0,0,0,0,0,0,0,0,1,0,0,0
NKT,0,46,0,0,1,7,2,0,0,0,0,1,0,1,4,0,0,7,8,0,12,2,4,0,15,0,3,0,9,22,0,93,104,2,1,1,0,0,16,82,1,1,4,5,22,2,3,13,9,4,3,0,0,19,35,3,30,15,12,2,3,235,21,51,8
NK1,0,531,4,5,21,79,49,6,3,2,4,4,1,15,17,0,1,68,123,4,114,22,62,0,93,2,41,14,97,499,1,1470,1112,2,40,7,0,0,82,996,27,3,45,99,213,22,25,79,170,41,35,8,1,212,648,65,365,262,160,18,24,3164,304,514,123
CD8_5,0,22,0,0,1,1,2,1,0,0,0,0,0,1,0,0,0,2,13,0,1,0,2,0,1,0,1,1,5,13,0,82,33,0,3,0,0,0,1,27,4,1,4,1,6,1,3,5,2,0,0,1,0,11,21,4,6,8,1,0,1,122,7,8,4
CD8_4,0,2,0,0,0,1,0,0,0,0,0,0,0,0,0,0,0,0,1,0,0,0,0,0,0,0,0,0,1,0,0,5,0,0,0,0,0,0,1,3,1,0,0,0,0,0,0,1,0,0,0,0,0,1,0,0,0,1,0,0,0,12,0,3,0
CD45_2,0,28,0,0,5,0,3,17,1,0,1,0,0,1,2,1,0,4,33,0,4,2,2,0,2,0,0,1,6,24,0,117,99,0,5,0,0,0,4,45,4,0,12,10,12,1,2,6,6,2,2,0,0,11,85,18,23,15,12,1,1,293,10,19,35
CD8_2,1,58,1,0,2,10,4,8,0,0,2,1,0,1,1,0,0,15,11,3,7,7,10,0,6,1,2,1,15,59,0,197,150,0,2,1,1,0,5,99,1,0,10,18,29,6,0,9,10,7,2,0,0,37,73,4,51,38,25,2,3,362,30,34,22
CD4_1,0,119,1,0,3,11,6,6,0,1,3,1,1,3,7,0,0,22,37,5,19,11,29,0,21,0,8,0,20,126,1,359,333,0,19,0,0,0,22,213,6,0,12,29,96,17,8,31,21,15,6,4,0,54,186,21,73,62,51,7,21,857,63,105,44
CD8_1,0,11,0,0,0,3,0,0,0,0,0,0,0,1,1,0,0,1,4,0,0,2,2,0,0,0,1,0,2,15,0,30,25,0,1,0,0,0,2,22,1,0,1,6,17,4,1,5,5,0,0,0,0,7,17,3,5,6,3,1,1,99,5,10,4
Treg1,0,14,0,0,0,2,1,0,0,0,0,0,0,0,1,0,0,2,7,0,7,1,1,0,0,0,0,1,3,5,0,82,21,0,3,0,0,0,3,25,3,0,2,0,8,1,8,11,3,1,1,0,0,5,20,2,7,5,4,1,0,122,1,9,4
Treg2,0,52,0,1,1,4,2,0,0,0,0,0,0,1,1,0,0,6,15,2,16,3,11,0,10,0,6,1,10,47,0,176,121,0,9,0,0,0,13,79,5,1,6,9,31,5,11,24,24,4,3,1,0,27,62,8,39,20,14,1,4,361,22,52,16
N1,1,117,0,2,4,156,7,11,2,1,3,1,1,10,4,0,0,35,13,0,55,9,15,0,23,2,30,63,46,136,1,714,562,6,15,3,0,0,9,170,2,0,6,10,21,5,3,24,472,4,10,1,0,51,245,14,143,353,83,2,20,653,502,783,44
B1,0,28,0,0,1,3,3,13,0,0,0,0,0,0,1,0,0,1,4,1,3,1,10,0,5,0,0,0,8,19,0,69,58,0,1,1,1,0,4,41,0,0,2,7,15,0,1,4,4,12,0,0,0,10,51,1,12,5,13,2,3,128,8,8,8
CD8_6,0,21,0,0,0,3,2,3,0,0,0,0,0,2,0,0,1,5,3,0,6,2,5,0,3,0,5,0,3,15,0,75,67,0,5,0,0,0,3,35,0,0,2,2,6,0,1,3,10,0,0,1,0,9,43,5,21,16,14,3,0,143,15,22,14
CD4_4,0,7,0,0,0,0,0,0,0,0,0,0,0,0,0,0,0,0,2,0,0,1,4,0,0,0,0,1,1,9,0,14,15,0,2,0,0,0,0,8,1,0,0,0,4,0,0,1,1,0,1,0,0,2,10,4,2,2,5,0,1,49,0,3,2
T3,0,5,0,0,0,1,0,0,0,0,0,0,0,0,0,0,0,1,2,0,0,0,0,0,0,0,0,1,2,1,0,30,3,0,1,0,0,0,0,1,0,0,0,0,0,0,0,0,0,0,0,0,0,0,10,4,1,6,2,0,1,15,1,0,3
CD45_1,0,153,1,2,4,16,16,14,0,0,5,1,1,7,9,1,0,39,42,2,21,14,26,1,42,1,13,4,26,157,2,503,513,0,37,1,1,0,19,212,11,1,11,37,54,7,5,27,51,10,9,2,0,112,310,24,173,68,39,7,12,1117,81,147,111
T12,3,701,4,12,200,206,51,71,7,0,21,7,2,41,16,17,2,160,253,6,69,234,204,3,73,4,46,43,564,848,17,3848,4513,5,542,14,1,0,35,648,21,0,85,73,186,17,20,62,245,51,43,10,10,310,7408,602,1712,1514,305,45,137,4298,708,738,668
T5,0,69,2,1,79,26,6,3,2,0,2,0,1,5,0,0,0,10,67,0,4,4,8,0,1,0,0,2,39,47,1,400,176,0,16,0,0,0,3,65,4,0,18,4,21,3,2,8,14,1,5,4,4,24,602,210,81,261,21,3,1,386,45,19,35
T8,0,189,6,4,9,46,14,27,1,2,2,10,4,61,5,7,0,98,46,0,51,121,97,0,135,4,68,14,56,401,15,1758,4545,27,297,8,4,0,30,365,6,0,23,51,73,5,7,39,143,12,21,2,1,173,1712,81,2024,300,71,28,46,1926,203,394,180
T11,0,234,0,2,69,176,12,5,1,0,9,16,4,65,5,0,1,67,146,0,32,7,19,3,11,2,10,185,538,125,0,11933,723,133,61,0,0,0,15,262,8,1,15,38,62,6,5,20,353,5,16,2,6,68,1514,261,300,10918,39,9,7,1635,969,1689,84
E2,2,477,0,0,1,14,8,19,1,0,11,3,0,6,5,5,1,39,49,7,47,52,37,0,20,0,7,8,16,195,5,392,448,18,28,1,0,0,12,160,1,0,12,25,51,3,4,14,83,13,14,5,2,39,305,21,71,39,1046,18,27,895,127,304,128
DC1,0,29,0,1,0,0,0,14,0,0,1,0,1,1,0,1,0,1,4,0,2,12,7,0,2,0,2,0,1,31,0,53,87,0,1,0,0,0,2,18,0,0,1,2,7,1,1,1,2,2,3,0,0,7,45,3,28,9,18,8,13,82,10,27,13
M10,0,45,0,0,1,4,1,18,0,0,4,2,0,1,0,3,0,14,7,0,2,18,21,0,3,0,2,1,6,54,1,76,159,0,7,1,0,0,3,24,1,0,1,3,21,1,0,4,20,3,0,1,1,12,137,1,46,7,27,13,20,145,12,37,25
Mo1,10,3891,4,19,110,279,108,54,13,5,26,38,9,141,53,11,9,439,865,18,403,148,355,4,268,9,136,90,770,2369,19,11994,7637,46,1051,36,4,1,235,3164,122,12,293,362,857,99,122,361,653,128,143,49,15,1117,4298,386,1926,1635,895,82,145,26934,1622,2010,1289
N7,0,192,0,3,23,558,37,12,0,0,0,5,0,33,10,2,0,53,33,2,200,18,19,6,39,9,78,169,359,194,1,3192,884,26,32,2,1,0,21,304,7,0,10,30,63,5,1,22,502,8,15,0,1,81,708,45,203,969,127,10,12,1622,2542,1873,105
N6,0,342,0,6,5,409,25,14,3,0,12,3,3,38,16,2,0,74,37,4,211,50,72,5,72,6,96,144,139,414,1,2948,1415,75,46,2,0,0,51,514,8,3,19,34,105,10,9,52,783,8,22,3,0,147,738,19,394,1689,304,27,37,2010,1873,3876,138
T7,1,218,2,0,7,22,7,70,5,1,0,1,0,3,13,5,0,85,137,0,22,32,31,0,28,0,9,9,120,143,3,849,817,2,29,1,0,0,8,123,4,0,35,22,44,4,4,16,44,8,14,2,3,111,668,35,180,84,128,13,25,1289,105,138,852