B1	B2	CD4_1	CD4_2	CD4_3	CD4_4	CD45_1	CD45_2	CD8_1	CD8_2	CD8_3	CD8_4	CD8_5	CD8_6	DC1	DC2	DC3	DC4	E1	E2	E3	M1	M10	M11	M12	M13	M2	M3	M4	M5	M6	M7	M8	M9	Mo1	Mo2	Mo3	Mo4	Mo5	Mo6	Mo7	Mo8	N1	N2	N3	N4	N5	N6	N7	NK1	NK2	NKT	S	T1	T10	T11	T12	T2	T3	T4	T5	T6	T7	T8	T9	Treg1	Treg2
B1	4	0	11	0	0	1	8	2	1	2	2	0	1	4	2	0	0	1	13	19	0	30	9	7	0	1	7	12	0	0	0	102	2	0	54	15	1	8	1	1	0	0	8	0	0	0	5	24	13	17	0	2	0	0	2	3	20	0	0	0	0	2	13	10	0	0	2
B2	0	0	0	0	0	0	0	0	0	0	0	0	0	0	0	0	0	0	0	0	0	0	0	0	0	0	1	0	0	0	0	5	0	0	0	0	0	0	0	0	0	0	0	0	0	0	0	2	0	0	0	0	0	0	0	0	0	0	0	0	0	0	0	1	0	0	0
CD4_1	11	0	226	0	0	8	111	10	15	33	4	0	3	21	17	1	8	2	215	169	2	802	31	32	0	10	64	103	3	0	8	928	81	1	1196	195	69	26	18	13	2	0	111	8	0	1	26	404	219	184	0	34	0	0	30	81	217	0	0	1	13	40	51	154	2	7	76
CD4_2	0	0	0	0	0	0	1	0	1	0	0	0	0	0	0	0	0	0	0	1	0	3	0	0	0	0	0	0	0	0	0	14	0	0	11	1	0	1	0	0	0	0	0	0	0	0	1	1	1	0	0	0	0	0	0	0	1	0	0	0	0	0	0	1	0	0	0
CD4_3	0	0	0	0	0	0	0	0	0	0	0	0	0	0	0	0	0	0	0	0	0	3	0	0	0	0	0	0	0	0	0	1	1	0	4	0	0	0	0	0	0	0	0	0	0	0	0	1	0	1	0	0	1	0	0	0	0	0	0	0	0	0	0	0	0	0	0
CD4_4	1	0	8	0	0	6	4	2	1	1	0	0	1	0	1	0	0	0	20	8	0	40	2	3	0	0	0	21	0	0	0	38	2	0	66	2	0	2	0	0	0	0	0	0	0	0	2	1	4	4	0	1	0	0	1	4	25	0	0	0	3	3	6	7	0	1	5
CD45_1	8	0	111	1	0	4	154	17	5	24	5	2	6	32	21	2	1	1	241	122	1	865	34	43	0	20	85	112	1	0	13	982	62	1	1182	139	80	45	13	2	2	2	115	13	0	2	49	370	221	196	0	40	6	0	29	67	221	1	3	1	13	40	68	138	1	3	37
CD45_2	2	0	10	0	0	2	17	16	0	3	3	0	0	7	4	0	0	0	36	32	0	236	3	33	0	0	6	34	0	0	1	142	5	0	221	26	1	9	1	1	1	0	3	0	0	0	0	11	9	24	0	4	0	2	2	14	74	0	0	1	13	19	27	20	0	1	8
CD8_1	1	0	15	1	0	1	5	0	8	1	0	0	0	2	0	0	2	0	17	7	0	67	1	1	0	2	3	10	0	0	1	38	1	0	91	11	4	3	0	0	0	0	12	0	0	0	1	20	13	7	0	0	1	0	2	3	16	0	0	0	1	4	4	8	0	0	5
CD8_2	2	0	33	0	0	1	24	3	1	14	3	0	1	7	5	0	2	2	67	61	0	220	3	12	0	0	13	30	0	0	2	247	12	0	289	37	12	7	4	1	0	0	33	1	0	0	6	95	61	55	0	10	0	2	7	21	55	1	1	1	4	15	13	46	1	0	13
CD8_3	2	0	4	0	0	0	5	3	0	3	20	0	0	8	0	0	1	0	16	7	0	82	2	3	0	0	1	3	0	0	2	55	3	0	54	9	4	4	3	0	0	0	4	0	0	0	0	15	10	3	0	0	0	0	0	5	15	0	0	0	0	8	6	10	2	2	1
CD8_4	0	0	0	0	0	0	2	0	0	0	0	0	0	0	1	0	0	0	0	1	0	1	0	0	0	0	0	1	0	0	0	2	0	0	8	1	0	0	0	0	0	0	0	0	0	0	0	1	0	2	0	0	0	0	0	0	2	0	0	0	0	0	0	0	0	0	0
CD8_5	1	0	3	0	0	1	6	0	0	1	0	0	2	0	0	0	0	0	13	4	0	63	0	10	0	0	5	11	0	0	0	21	0	0	56	5	0	2	0	0	1	1	1	1	0	0	0	2	7	2	2	1	0	0	0	7	16	0	0	2	1	0	5	2	0	1	2
CD8_6	4	0	21	0	0	0	32	7	2	7	8	0	0	8	1	0	0	0	29	32	0	159	4	12	0	9	15	13	2	0	0	227	17	0	211	27	27	10	4	0	1	1	23	2	0	0	9	86	57	35	0	5	0	0	8	4	39	0	1	0	3	8	13	27	0	1	8
DC1	2	0	17	0	0	1	21	4	0	5	0	1	0	1	32	0	0	0	21	23	0	98	13	13	0	0	13	65	0	0	2	195	10	0	109	25	1	34	2	1	0	4	10	1	0	0	6	36	13	20	0	8	0	0	2	14	78	0	1	0	7	9	21	42	1	3	8
DC2	0	0	1	0	0	0	2	0	0	0	0	0	0	0	0	0	0	0	3	2	0	27	0	1	0	1	3	1	0	0	0	17	2	0	10	6	4	1	0	0	0	0	3	1	0	0	1	13	9	2	0	1	0	0	1	1	5	0	0	1	0	2	1	4	0	0	1
DC3	0	0	8	0	0	0	1	0	2	2	1	0	0	0	0	0	2	0	5	7	0	45	3	3	0	0	2	17	0	0	1	30	0	0	39	4	0	4	0	2	0	1	4	1	0	0	1	21	7	1	0	0	1	0	0	3	11	0	0	0	1	4	3	7	1	0	1
DC4	1	0	2	0	0	0	1	0	0	2	0	0	0	0	0	0	0	0	0	2	0	5	1	0	0	0	1	1	0	0	0	12	0	0	13	3	2	0	1	1	0	0	3	0	0	0	0	6	4	4	0	0	0	0	1	1	4	0	0	0	0	1	0	1	0	0	0
E1	13	0	215	0	0	20	241	36	17	67	16	0	13	29	21	3	5	0	1978	489	0	1864	69	108	1	23	108	386	2	0	23	1605	52	1	3300	295	134	82	53	27	3	6	228	31	0	0	45	734	478	357	2	46	14	3	46	108	728	2	2	3	39	126	165	241	0	20	88
E2	19	0	169	1	0	8	122	32	7	61	7	1	4	32	23	2	7	2	489	2246	2	835	69	58	3	11	92	351	0	3	10	1635	75	0	1518	239	101	64	33	14	9	14	181	9	0	0	52	756	366	222	4	15	3	1	50	49	639	1	6	0	20	48	223	269	4	3	66
E3	0	0	2	0	0	0	1	0	0	0	0	0	0	0	0	0	0	0	0	2	0	0	1	0	0	0	0	0	0	0	0	0	0	0	4	2	0	0	0	0	0	0	0	0	0	0	0	0	0	1	0	0	0	0	2	0	0	0	0	0	0	0	0	0	0	0	0
M1	30	0	802	3	3	40	865	236	67	220	82	1	63	159	98	27	45	5	1864	835	0	53180	114	2007	3	104	873	218	11	1	564	5768	196	20	17291	827	674	136	48	12	11	5	1045	293	2	9	127	2994	3739	1291	0	155	50	24	416	3645	4183	0	213	499	843	4848	511	1125	30	68	321
M10	9	0	31	0	0	2	34	3	1	3	2	0	0	4	13	0	3	1	69	69	1	114	52	11	0	0	30	179	0	0	1	455	22	0	176	61	4	70	7	3	4	13	25	1	0	0	8	79	19	35	1	2	0	0	6	18	220	0	1	1	6	3	55	81	0	1	10
M11	7	0	32	0	0	3	43	33	1	12	3	0	10	12	13	1	3	0	108	58	0	2007	11	228	1	0	69	64	0	0	10	302	8	0	676	42	8	9	5	2	1	3	19	5	0	0	1	48	59	70	2	8	2	1	9	114	271	2	22	29	84	185	58	59	1	6	11
M12	0	0	0	0	0	0	0	0	0	0	0	0	0	0	0	0	0	0	1	3	0	3	0	1	0	0	1	5	0	0	0	23	0	0	9	2	0	2	0	0	0	0	1	0	0	0	0	0	0	0	0	2	0	0	0	0	6	0	0	0	0	0	2	4	0	1	0
M13	1	0	10	0	0	0	20	0	2	0	0	0	0	9	0	1	0	0	23	11	0	104	0	0	0	176	5	0	0	0	1	15	2	0	68	2	29	0	0	0	0	0	9	7	0	0	0	30	31	27	0	8	17	0	1	5	16	0	0	0	1	2	4	1	0	0	2
M2	7	1	64	0	0	0	85	6	3	13	1	0	5	15	13	3	2	1	108	92	0	873	30	69	1	5	212	152	0	0	6	636	23	0	573	77	36	28	5	10	4	3	57	1	0	0	15	241	105	101	0	9	0	2	26	80	246	0	1	6	11	49	66	118	0	2	16
M3	12	0	103	0	0	21	112	34	10	30	3	1	11	13	65	1	17	1	386	351	0	218	179	64	5	0	152	1698	0	3	4	2918	88	1	576	277	6	243	31	46	11	26	85	0	0	0	44	341	48	214	4	16	0	4	42	51	1501	1	0	0	19	8	289	601	6	7	47
M4	0	0	3	0	0	0	1	0	0	0	0	0	0	2	0	0	0	0	2	0	0	11	0	0	0	0	0	0	2	0	0	24	1	0	15	3	2	0	0	0	0	0	2	1	0	0	1	0	3	1	0	0	0	0	0	1	0	0	0	0	0	0	0	3	0	0	0
M5	0	0	0	0	0	0	0	0	0	0	0	0	0	0	0	0	0	0	0	3	0	1	0	0	0	0	0	3	0	0	0	7	0	0	2	0	0	0	0	0	0	0	0	0	0	0	1	0	0	0	0	0	0	0	0	0	4	0	0	0	0	0	1	0	0	0	0
M6	0	0	8	0	0	0	13	1	1	2	2	0	0	0	2	0	1	0	23	10	0	564	1	10	0	1	6	4	0	0	30	88	1	0	114	10	7	0	0	0	0	0	12	6	0	0	0	37	42	23	0	0	1	1	1	63	37	0	1	2	8	61	4	17	0	0	2
M7	102	5	928	14	1	38	982	142	38	247	55	2	21	227	195	17	30	12	1605	1635	0	5768	455	302	23	15	636	2918	24	7	88	24414	1120	2	7202	1593	499	688	285	231	48	40	1429	79	1	6	938	4448	1613	1378	6	239	17	7	363	509	4197	7	0	13	86	147	1024	3316	37	61	432
M8	2	0	81	0	1	2	62	5	1	12	3	0	0	17	10	2	0	0	52	75	0	196	22	8	0	2	23	88	1	0	1	1120	102	0	368	80	42	14	10	9	4	0	78	1	1	0	37	270	107	119	0	20	0	0	20	19	135	0	0	0	6	2	28	128	0	7	34
M9	0	0	1	0	0	0	1	0	0	0	0	0	0	0	0	0	0	0	1	0	0	20	0	0	0	0	0	1	0	0	0	2	0	0	11	0	1	0	0	0	0	0	0	0	0	0	0	4	5	0	0	0	0	0	0	1	3	0	0	0	0	0	1	0	0	0	0
Mo1	54	0	1196	11	4	66	1182	221	91	289	54	8	56	211	109	10	39	13	3300	1518	4	17291	176	676	9	68	573	576	15	2	114	7202	368	11	24464	1615	1047	300	193	55	14	10	1238	180	2	6	235	3596	3329	1719	1	213	59	15	355	1509	2627	4	29	71	280	1383	564	1137	46	96	444
Mo2	15	0	195	1	0	2	139	26	11	37	9	1	5	27	25	6	4	3	295	239	2	827	61	42	2	2	77	277	3	0	10	1593	80	0	1615	590	53	156	35	42	4	2	166	11	2	2	69	590	228	211	1	25	3	3	49	89	507	1	0	1	15	49	81	214	5	7	57
Mo3	1	0	69	0	0	0	80	1	4	12	4	0	0	27	1	4	0	2	134	101	0	674	4	8	0	29	36	6	2	0	7	499	42	1	1047	53	556	5	7	6	0	0	248	20	0	2	61	665	983	125	1	30	7	1	78	41	78	0	0	2	2	19	12	67	9	1	26
Mo4	8	0	26	1	0	2	45	9	3	7	4	0	2	10	34	1	4	0	82	64	0	136	70	9	2	0	28	243	0	0	0	688	14	0	300	156	5	144	8	14	7	14	47	1	0	0	19	174	18	59	0	7	0	0	19	15	250	1	0	1	7	10	41	120	1	5	11
Mo5	1	0	18	0	0	0	13	1	0	4	3	0	0	4	2	0	0	1	53	33	0	48	7	5	0	0	5	31	0	0	0	285	10	0	193	35	7	8	38	1	4	0	12	1	0	0	10	45	17	15	0	3	0	0	2	5	72	0	0	0	1	2	12	28	2	2	5
Mo6	1	0	13	0	0	0	2	1	0	1	0	0	0	0	1	0	2	1	27	14	0	12	3	2	0	0	10	46	0	0	0	231	9	0	55	42	6	14	1	18	2	1	7	0	0	0	11	35	12	11	0	0	0	0	1	2	63	0	0	0	0	0	12	36	0	0	2
Mo7	0	0	2	0	0	0	2	1	0	0	0	0	1	1	0	0	0	0	3	9	0	11	4	1	0	0	4	11	0	0	0	48	4	0	14	4	0	7	4	2	0	0	3	0	0	0	0	10	0	5	0	0	0	0	0	1	14	0	0	0	0	0	3	9	0	0	1
Mo8	0	0	0	0	0	0	2	0	0	0	0	0	1	1	4	0	1	0	6	14	0	5	13	3	0	0	3	26	0	0	0	40	0	0	10	2	0	14	0	1	0	4	1	0	0	0	0	4	1	3	0	0	0	0	0	0	23	0	0	0	0	1	4	14	0	0	0
N1	8	0	111	0	0	0	115	3	12	33	4	0	1	23	10	3	4	3	228	181	0	1045	25	19	1	9	57	85	2	0	12	1429	78	0	1238	166	248	47	12	7	3	1	796	67	12	4	122	1919	963	173	0	28	9	0	173	148	302	0	0	0	8	77	34	189	6	2	54
N2	0	0	8	0	0	0	13	0	0	1	0	0	1	2	1	1	1	0	31	9	0	293	1	5	0	7	1	0	1	0	6	79	1	0	180	11	20	1	1	0	0	0	67	14	1	0	4	82	94	17	0	5	1	0	11	18	27	0	0	3	2	36	5	12	0	2	6
N3	0	0	0	0	0	0	0	0	0	0	0	0	0	0	0	0	0	0	0	0	0	2	0	0	0	0	0	0	0	0	0	1	1	0	2	2	0	0	0	0	0	0	12	1	0	0	0	24	13	1	0	0	0	0	1	1	1	0	0	0	0	1	0	0	0	0	0
N4	0	0	1	0	0	0	2	0	0	0	0	0	0	0	0	0	0	0	0	0	0	9	0	0	0	0	0	0	0	0	0	6	0	0	6	2	2	0	0	0	0	0	4	0	0	0	2	5	4	0	0	0	0	0	0	1	0	0	0	0	0	0	0	1	0	0	0
N5	5	0	26	1	0	2	49	0	1	6	0	0	0	9	6	1	1	0	45	52	0	127	8	1	0	0	15	44	1	1	0	938	37	0	235	69	61	19	10	11	0	0	122	4	0	2	130	406	190	50	0	14	1	0	40	25	72	0	0	0	0	1	19	93	4	0	17
N6	24	2	404	1	1	1	370	11	20	95	15	1	2	86	36	13	21	6	734	756	0	2994	79	48	0	30	241	341	0	0	37	4448	270	4	3596	590	665	174	45	35	10	4	1919	82	24	5	406	8194	3442	591	3	104	16	2	713	596	1066	0	2	10	39	257	134	633	11	11	166
N7	13	0	219	1	0	4	221	9	13	61	10	0	7	57	13	9	7	4	478	366	0	3739	19	59	0	31	105	48	3	0	42	1613	107	5	3329	228	983	18	17	12	0	1	963	94	13	4	190	3442	3498	294	0	45	22	2	370	465	566	1	8	18	44	389	50	261	9	10	74
NK1	17	0	184	0	1	4	196	24	7	55	3	2	2	35	20	2	1	4	357	222	1	1291	35	70	0	27	101	214	1	0	23	1378	119	0	1719	211	125	59	15	11	5	3	173	17	1	0	50	591	294	442	1	67	5	2	64	131	407	2	2	4	20	80	80	257	9	6	59
NK2	0	0	0	0	0	0	0	0	0	0	0	0	2	0	0	0	0	0	2	4	0	0	1	2	0	0	0	4	0	0	0	6	0	0	1	1	1	0	0	0	0	0	0	0	0	0	0	3	0	1	2	0	0	0	1	1	6	0	0	0	0	0	1	4	0	0	0
NKT	2	0	34	0	0	1	40	4	0	10	0	0	1	5	8	1	0	0	46	15	0	155	2	8	2	8	9	16	0	0	0	239	20	0	213	25	30	7	3	0	0	0	28	5	0	0	14	104	45	67	0	12	1	0	6	14	42	0	0	0	1	4	7	37	2	3	22
S	0	0	0	0	1	0	6	0	1	0	0	0	0	0	0	0	1	0	14	3	0	50	0	2	0	17	0	0	0	0	1	17	0	0	59	3	7	0	0	0	0	0	9	1	0	0	1	16	22	5	0	1	60	0	1	2	9	0	0	0	3	5	0	3	0	0	3
T1	0	0	0	0	0	0	0	2	0	2	0	0	0	0	0	0	0	0	3	1	0	24	0	1	0	0	2	4	0	0	1	7	0	0	15	3	1	0	0	0	0	0	0	0	0	0	0	2	2	2	0	0	0	0	0	2	10	1	0	1	1	3	3	1	0	0	0
T10	2	0	30	0	0	1	29	2	2	7	0	0	0	8	2	1	0	1	46	50	2	416	6	9	0	1	26	42	0	0	1	363	20	0	355	49	78	19	2	1	0	0	173	11	1	0	40	713	370	64	1	6	1	0	100	100	225	0	0	0	17	50	18	51	1	1	15
T11	3	0	81	0	0	4	67	14	3	21	5	0	7	4	14	1	3	1	108	49	0	3645	18	114	0	5	80	51	1	0	63	509	19	1	1509	89	41	15	5	2	1	0	148	18	1	1	25	596	465	131	1	14	2	2	100	526	726	0	17	41	65	590	36	126	3	6	36
T12	20	0	217	1	0	25	221	74	16	55	15	2	16	39	78	5	11	4	728	639	0	4183	220	271	6	16	246	1501	0	4	37	4197	135	3	2627	507	78	250	72	63	14	23	302	27	1	0	72	1066	566	407	6	42	9	10	225	726	4830	0	25	96	284	610	501	755	5	11	69
T2	0	0	0	0	0	0	1	0	0	1	0	0	0	0	0	0	0	0	2	1	0	0	0	2	0	0	0	1	0	0	0	7	0	0	4	1	0	1	0	0	0	0	0	0	0	0	0	0	1	2	0	0	0	1	0	0	0	0	0	0	0	0	1	2	0	0	0
T3	0	0	0	0	0	0	3	0	0	1	0	0	0	1	1	0	0	0	2	6	0	213	1	22	0	0	1	0	0	0	1	0	0	0	29	0	0	0	0	0	0	0	0	0	0	0	0	2	8	2	0	0	0	0	0	17	25	0	6	4	11	32	2	0	0	0	0
T4	0	0	1	0	0	0	1	1	0	1	0	0	2	0	0	1	0	0	3	0	0	499	1	29	0	0	6	0	0	0	2	13	0	0	71	1	2	1	0	0	0	0	0	3	0	0	0	10	18	4	0	0	0	1	0	41	96	0	4	20	25	62	1	5	0	0	0
T5	0	0	13	0	0	3	13	13	1	4	0	0	1	3	7	0	1	0	39	20	0	843	6	84	0	1	11	19	0	0	8	86	6	0	280	15	2	7	1	0	0	0	8	2	0	0	0	39	44	20	0	1	3	1	17	65	284	0	11	25	82	108	21	15	1	1	5
T6	2	0	40	0	0	3	40	19	4	15	8	0	0	8	9	2	4	1	126	48	0	4848	3	185	0	2	49	8	0	0	61	147	2	0	1383	49	19	10	2	0	0	1	77	36	1	0	1	257	389	80	0	4	5	3	50	590	610	0	32	62	108	1218	38	55	1	6	14
T7	13	0	51	0	0	6	68	27	4	13	6	0	5	13	21	1	3	0	165	223	0	511	55	58	2	4	66	289	0	1	4	1024	28	1	564	81	12	41	12	12	3	4	34	5	0	0	19	134	50	80	1	7	0	3	18	36	501	1	2	1	21	38	210	194	3	2	21
T8	10	1	154	1	0	7	138	20	8	46	10	0	2	27	42	4	7	1	241	269	0	1125	81	59	4	1	118	601	3	0	17	3316	128	0	1137	214	67	120	28	36	9	14	189	12	0	1	93	633	261	257	4	37	3	1	51	126	755	2	0	5	15	55	194	666	15	5	67
T9	0	0	2	0	0	0	1	0	0	1	2	0	0	0	1	0	1	0	0	4	0	30	0	1	0	0	0	6	0	0	0	37	0	0	46	5	9	1	2	0	0	0	6	0	0	0	4	11	9	9	0	2	0	0	1	3	5	0	0	0	1	1	3	15	4	0	2
Treg1	0	0	7	0	0	1	3	1	0	0	2	0	1	1	3	0	0	0	20	3	0	68	1	6	1	0	2	7	0	0	0	61	7	0	96	7	1	5	2	0	0	0	2	2	0	0	0	11	10	6	0	3	0	0	1	6	11	0	0	0	1	6	2	5	0	2	6
Treg2	2	0	76	0	0	5	37	8	5	13	1	0	2	8	8	1	1	0	88	66	0	321	10	11	0	2	16	47	0	0	2	432	34	0	444	57	26	11	5	2	1	0	54	6	0	0	17	166	74	59	0	22	3	0	15	36	69	0	0	0	5	14	21	67	2	6	54
